1      0.183157  3.19e-17      -1.76      -4.53       8.91            *
2      0.485268  1.26e-16      -1.76      -4.61       8.50            *
3      0.424311  9.26e-17      -0.03      -3.66      11.42     7.23e+00
4      0.251659  1.13e-13       0.11      -3.37      11.29     1.34e+01
5      0.510160  1.90e-14      -0.02      -2.62      10.42     1.48e+01
6      1.796250  5.70e-15      -0.42     -10.21      14.70     1.00e+01
7      0.320366  5.47e-15      -0.02      -3.63      10.80     8.69e+00
8      0.166762  1.68e-14      -0.09      -1.79       9.38     6.00e+01
9      0.214836  2.73e-15      -1.76      -6.91       8.91            *
10     0.547199  3.08e-15      -1.76     -12.50       9.97     4.85e+02
11     0.545446  1.89e-17      -0.11      -2.33       8.96     2.95e+01
12     1.848919  9.96e-16       0.02      -0.52       8.65     7.29e-02
13     0.311674  1.28e-15      -0.60     -12.60      10.21     6.97e+01
14     0.121116  4.44e-15      -0.18      -9.62      10.04     1.80e+01
15     0.541404  9.78e-15       0.08      -2.28       9.02     1.53e+00
16     0.089328  1.25e-13      -0.01      -0.28       8.53     8.62e+01
17     0.751624  3.54e-15      -0.01      -1.48       8.74     3.60e+01
18     1.703946  8.13e-16       0.13      -8.07       9.98     7.41e+00
19     0.720612  1.64e-15      -0.97      -7.71       8.40     1.21e+02
20     0.644354  9.50e-15      -0.62      -8.65       8.93     4.67e+01
21     0.208956  1.72e-16      -0.66      -7.66       8.70     1.83e+01
22     1.116097  1.60e-15       0.12      -1.39       8.82     5.52e+00
23     5.977493  1.20e-13       0.04     -13.35      10.03            *
24     0.367953  7.91e-16      -1.76      -8.05       7.16            *
25     0.064686  7.26e-15      -0.17      -9.88       9.02     1.96e+01
26     0.575072  1.36e-14      -0.59     -28.31       9.93     1.85e+02
27     0.962509  1.68e-15      -1.18      -6.35       7.54            *
28     0.326774  2.33e-14       0.09      -6.51       9.02     3.75e+01
29     0.441995  8.75e-14      -0.00      -7.45       8.84     2.56e+01
30     0.660313  1.07e-16      -0.85      -4.29       7.71            *
31     0.965171  1.89e-15       0.22      -4.35       8.87     1.15e+01
32     0.988281  1.49e-16       0.11      -6.34       8.81     3.35e+01
33     0.346287  2.49e-14      -0.42      -8.37       8.26     7.72e+01
34     0.253556  1.83e-15      -0.14      -2.62       8.40     6.43e+01
35     0.106755  1.52e-14      -0.02      -1.00       8.50     1.00e+01
36     0.950289  9.76e-14       0.03     -10.36       8.10     5.59e+01
37     0.746295  3.55e-14      -0.19      -5.59       8.04     3.46e+01
38     0.739501  4.88e-15      -0.18      -1.84       8.23     1.50e+01
39     1.931627  2.50e-16       0.93      -3.68       9.06            *
40     4.392159  8.37e-15      -0.09      -3.89       8.10     2.29e+00
41     0.570409  2.69e-16       0.41      -3.17       8.59            *
42     1.444773  4.65e-15      -0.04      -2.92       8.21     1.03e+01
43     0.087545  3.29e-14      -0.10      -4.23       7.94     1.20e+01
44     0.658558  1.14e-15       0.01      -5.60       7.87     8.91e+00
45     0.664367  2.29e-14      -0.01      -0.30       8.46     9.00e-01
46     0.808127  3.96e-14      -0.26      -4.95       7.69     1.81e+01
47     0.331586  4.83e-15       0.17      -2.70       8.30     2.86e+00
48     1.373815  5.80e-16       1.76      -8.25       8.69            *
49     0.472834  4.39e-14      -0.01      -6.12       7.53     1.38e+01
50     0.862118  3.52e-15       0.10      -4.82       7.80     2.23e+01
51     0.203557  1.95e-15       0.03      -6.90       7.35     8.82e+00
52     0.670086  8.20e-17       0.28      -2.93       8.21            *
53     0.255677  9.59e-16       0.11      -2.30       8.17     1.41e+00
54     1.436583  5.14e-14       0.00      -0.30       8.45     5.67e-01
55     1.661177  8.60e-16      -0.04      -3.87       7.77     9.94e+00
56     7.733640  5.99e-14      -0.20      -3.21       7.76     1.63e+00
57     0.777501  1.57e-15      -0.15     -17.11       5.21     3.64e+01
58     0.307072  2.21e-14       0.37      -3.40       8.14            *
59     2.133591  3.77e-14      -0.16      -5.19       7.26     2.28e+00
60     0.819911  1.77e-14      -0.38      -9.84       6.10     1.75e+02
61     0.442901  5.58e-16      -0.51     -10.97       5.74     2.43e+02
62     0.139882  5.74e-14      -0.05      -4.74       7.40     2.13e+01
63     0.769584  1.93e-15       0.11      -2.45       8.01     5.12e+00
64     0.087834  6.98e-16      -0.11      -4.49       7.41     6.62e+00
65     0.107386  8.08e-14      -0.31      -9.03       6.24     3.99e+01
66     0.503459  3.13e-15       0.07     -11.49       5.90     4.02e+02
67     0.162499  2.01e-14      -0.36     -29.13       1.33     7.20e+02
68     1.238305  4.05e-14      -0.09      -2.53       7.83     3.09e+00
69     0.140480  6.74e-15      -1.47     -28.50       0.70     1.22e+02
70     0.670026  5.34e-17       0.07      -4.07       7.56     6.46e+00
71     1.643726  1.45e-13      -0.44     -29.06       1.07     1.80e+02
72     0.306411  1.78e-15      -1.51     -28.67      -0.20     1.08e+02
73     2.407622  1.79e-14       0.39      -4.21       7.58     3.56e+00
74     0.464208  3.00e-15      -0.12      -6.98       6.51     4.90e+01
75     1.150590  2.30e-16       1.76      -4.33       8.34     1.03e+02
76     0.579577  3.50e-16      -0.54      -6.18       6.43     1.03e+01
77     0.510368  1.65e-15       1.17      -8.46       6.78            *
78     0.661992  1.25e-15      -0.00      -2.33       7.82     4.66e+00
79     1.170859  6.73e-15       0.37      -6.73       6.67     3.02e+01
80     0.288602  1.04e-14      -0.67     -17.28       2.81     3.01e+02
81     0.369427  1.14e-15       0.06      -4.59       7.09     2.53e+01
82     0.198451  1.69e-15      -0.58      -4.32       6.82     8.72e+01
83     0.123671  9.63e-14       0.03      -2.77       7.63     5.47e+01
84     2.202325  4.41e-15       0.11      -9.27       5.55     6.82e+01
85     0.180592  2.00e-14      -0.09     -12.85       4.19     2.75e+01
86     0.383830  3.87e-16      -0.36      -4.93       6.68     3.06e+00
87     0.346909  4.07e-15      -0.01      -6.45       6.31     1.44e+01
88     1.840004  3.14e-15      -1.13     -12.60       3.69     4.58e+01
89     0.947558  9.24e-14      -0.29     -24.22       0.11     1.05e+02
90     0.099661  2.95e-14      -0.39     -28.34      -1.33     7.02e+02
91     0.448635  7.08e-16      -0.17      -3.42       7.25     1.59e+00
92     2.919397  2.03e-14      -1.76     -10.85       3.92            *
93     0.676082  5.76e-16       0.71     -16.75       3.11     3.41e+01
94     0.422447  3.58e-15      -0.12      -2.25       7.67     1.21e+02
95     0.628306  2.25e-16       0.56      -2.89       7.78            *
96     0.197108  5.83e-15       0.18      -1.46       8.08            *
97     0.616270  6.57e-16      -0.02      -6.71       6.16     2.58e+01
98     1.184999  4.30e-15       0.09      -2.61       7.63     9.07e+00
99     0.396587  9.90e-16      -0.04      -6.42       6.16     7.93e+00
100    0.280905  1.97e-15      -0.03      -2.17       7.70     1.28e+00
101    0.063193  1.58e-14      -0.10      -6.62       6.03     3.75e+01
102    2.717934  2.33e-15      -0.55      -7.29       5.56     1.18e+01
103    1.516531  3.40e-16       0.03      -3.30       7.28     5.33e+00
104    1.799396  1.56e-13      -0.32     -12.81       3.60     7.15e+01
105    0.558253  2.06e-15       0.57      -8.65       5.47     1.52e+02
106    0.064962  3.15e-14      -0.24     -27.96      -2.36     1.26e+03
107    0.334213  8.24e-16      -1.76     -17.68       0.93     9.69e+02
108    0.820484  2.84e-15      -1.76     -11.10       3.46            *
109    0.880820  4.61e-14      -0.17     -27.92      -2.47     1.80e+03
110    0.259777  7.23e-15      -0.01      -6.29       6.02     1.74e+01
111    0.943158  7.95e-15       0.83      -2.47       7.86     2.15e+01
112    0.505097  1.25e-14      -0.40     -20.73       0.08     3.41e+02
113    1.155272  2.40e-16      -1.76     -24.88      -2.15     1.03e+02
114    0.407963  4.02e-12      -0.08      -7.78       5.33     5.64e+01
115    0.535783  2.77e-15       1.58     -14.42       3.23     3.10e+02
116    0.244838  6.54e-17       1.76      -8.13       5.81            *
117    0.640234  6.46e-15       0.01     -13.63       2.85     1.15e+02
118    0.271434  5.25e-15      -0.23      -6.93       5.53     3.18e+01
119    0.232976  2.75e-15      -0.33      -3.15       7.07     4.36e+00
120    0.479099  6.20e-16      -0.79     -13.62       2.51     4.22e+01
121    0.202737  2.81e-16       0.04      -7.42       5.38     6.48e+01
122    0.579416  3.30e-15      -0.29      -1.85       7.61            *
123    0.515984  1.10e-17      -0.51     -27.51      -3.46     2.43e+02
124    0.162323  1.59e-17       0.46      -8.72       4.89     1.61e+01
125    0.680984  9.52e-16       0.26      -7.63       5.30     8.23e+00
126    0.175166  6.80e-17       1.76     -19.67       0.51     4.08e+01
127    1.022875  4.52e-16      -0.68     -27.35      -3.80     2.61e+03
128    0.364706  8.22e-15       0.27      -2.39       7.52     2.70e+01
129    0.556216  7.17e-17      -1.76     -17.51       0.04     4.58e+02
130    0.117564  1.25e-14      -0.20     -22.29      -1.66     2.94e+02
131    0.538432  1.96e-15       1.33      -2.28       7.86            *
132    0.291468  4.63e-16       1.76      -3.27       7.53     1.47e+01
133    0.393899  4.31e-15      -0.20      -2.70       7.20     2.97e+01
134    0.558383  7.79e-17      -0.13      -9.79       3.91     3.04e+01
135    0.850665  3.08e-14      -0.07      -8.04       4.72     1.58e+01
136    0.273372  1.79e-15       0.06      -2.35       7.41     2.41e+01
137    3.559937  1.11e-14       0.54      -6.34       5.61     5.86e+00
138    3.241029  2.70e-15      -0.35      -8.13       4.50     4.94e+00
139    1.789829  1.28e-15       0.54      -7.11       5.17     7.43e+00
140    0.376570  6.69e-15       0.07      -1.88       7.59     7.43e-01
141    0.282012  5.59e-16      -0.02      -1.84       7.58     2.97e-01
142    0.288409  2.65e-14       1.76     -18.35      -0.23     7.91e+01
143    0.400522  3.93e-15      -0.01      -3.57       6.70     9.44e+01
144    0.667486  2.40e-17      -0.20      -5.36       5.74     1.71e+01
145    0.525074  2.82e-15      -1.24      -3.60       6.38            *
146    0.592136  3.56e-15      -0.41     -26.65      -5.26     1.17e+02
147    0.452801  2.13e-15       0.34      -4.41       6.30     4.88e+01
148    0.308861  2.17e-16      -0.61      -4.94       5.80            *
149    0.279767  7.26e-16       1.30     -10.30       3.22     2.85e+02
150    4.237010  4.31e-16      -0.09      -1.38       7.74     4.24e-01
151    0.433084  2.57e-16      -0.19     -10.81       2.64     6.81e+01
152    0.909823  5.34e-17       0.34      -4.25       6.23     3.27e+00
153    0.636414  1.15e-16       1.76      -9.85       3.38            *
154    0.374047  1.68e-14       0.11     -26.26      -6.01     1.35e+02
155    0.789212  8.03e-17      -0.16     -12.16       1.64     1.33e+02
156    1.081164  1.50e-16       0.19      -1.85       7.47     4.94e-01
157    0.585761  2.02e-14       0.23     -20.51      -3.25     1.29e+02
158    0.216476  4.95e-15      -0.10      -3.46       6.50     6.24e+01
159    0.626324  2.88e-16       0.23      -5.37       5.43     9.96e+00
160    0.419618  9.46e-16      -0.61     -21.27      -3.85     2.30e+02
161    0.877239  3.80e-17       1.76      -5.14       5.60            *
162    1.351236  1.40e-15      -0.06     -10.43       2.32     2.20e+02
163    1.872994  1.40e-17       0.36      -1.18       7.83            *
164    0.564759  6.92e-15      -0.15     -17.58      -2.03     1.05e+02
165    0.756892  3.88e-15      -0.49     -25.72      -6.93     6.30e+01
166    0.256778  1.97e-16      -0.51     -23.13      -5.52     1.17e+02
167    0.294760  1.56e-16       1.76      -6.97       4.38            *
168    2.110974  2.19e-15      -0.62      -6.62       4.43     2.19e+01
169    1.301908  1.19e-14      -0.29      -2.44       6.98     8.02e+00
170    0.512242  1.74e-15       1.31      -2.87       6.79            *
171    0.471225  8.00e-17       1.76     -16.24      -1.60     5.16e+01
172    0.388481  4.50e-15      -0.05      -1.69       7.44     5.20e+01
173    0.275207  1.00e-15       1.76      -7.06       4.13            *
174    1.546819  7.18e-15      -1.39     -25.35      -7.48     1.53e+02
175    2.283093  1.09e-14       0.05     -12.38       0.70     3.00e+01
176    0.198335  1.69e-14      -0.36     -20.20      -4.44     6.91e+01
177    0.434445  1.21e-17      -0.33      -7.15       3.90     7.24e+00
178    0.823339  1.08e-16      -0.07      -9.22       2.50     7.99e+01
179    0.255496  2.10e-15       0.23      -2.45       6.90     3.03e+01
180    0.184502  6.24e-16       0.04      -1.87       7.27     7.53e-01
181    0.657974  4.00e-15       0.17      -6.14       4.44     7.04e+00
182    0.663329  1.21e-15      -0.23      -2.26       7.00     9.62e+00
183    0.184528  2.67e-13      -0.07     -13.12      -0.38     1.15e+02
184    0.663830  5.64e-14      -0.01      -1.71       7.35     4.67e-01
185    0.967846  6.33e-15      -0.19     -23.22      -7.25     1.42e+02
186    0.047763  2.28e-15      -0.04      -1.90       7.21     8.99e+00
187    2.306642  2.18e-15      -0.06     -11.26       0.84     6.68e+01
188    0.427762  3.21e-14       0.32     -19.82      -5.15     3.59e+02
189    0.478231  2.11e-15      -0.06     -24.72      -8.50     2.88e+02
190    0.571647  4.03e-15      -1.10     -24.73      -8.44     1.44e+03
191    0.981902  5.86e-15       0.05     -18.61      -4.38     7.17e+01
192    0.473026  5.97e-15      -1.76     -24.00      -7.97     2.13e+03
193    4.962427  2.11e-14      -0.13     -11.87       0.26     2.92e+02
194    1.058833  5.26e-16       1.33      -3.73       5.61            *
195    0.464700  8.64e-15       0.63      -7.23       3.41     1.65e+01
196    0.619454  8.79e-15      -0.77     -24.61      -8.64     1.89e+02
197    0.398292  1.84e-17      -0.91     -16.36      -2.86     5.96e+01
198    0.728154  1.48e-16       1.46      -7.72       2.89            *
199    0.849236  5.71e-15       0.88      -5.41       4.57            *
200    2.437432  6.83e-16      -0.05      -1.81       7.23     3.66e+00
201    2.948390  1.17e-14       0.29      -7.79       2.90     3.78e+01
202    0.342825  5.30e-15       0.10     -24.32      -9.07     6.66e+02
203    2.642199  1.26e-14       0.45      -4.45       5.22            *
204    0.261271  1.02e-16      -0.17     -24.30      -9.09     8.91e+02
205    0.284351  1.53e-15       0.38     -10.18       1.02     1.92e+02
206    0.421118  1.50e-15       0.41     -11.99      -0.31     1.86e+02
207    0.279729  9.25e-15       0.64      -3.33       5.97            *
208    1.279058  2.37e-15       1.71     -23.99      -9.43     1.71e+02
209    0.506058  2.59e-15      -0.01     -16.01      -3.34     1.47e+02
210    2.764209  1.11e-14      -0.43     -24.15      -9.29     1.53e+02
211    0.844109  5.58e-15       0.45     -24.00      -9.49     6.57e+02
212    2.483804  9.79e-16      -0.08      -8.85       1.92     2.80e+01
213    0.477991  3.24e-15       0.19      -2.38       6.68     8.91e+01
214    0.792670  3.10e-15      -0.42     -12.58      -0.89     3.45e+02
215    0.543009  5.31e-15      -0.65      -6.83       3.48     7.95e+02
216    0.529913  1.89e-14       0.01      -3.19       6.09     2.56e+02
217    0.196479  1.53e-15      -0.05      -5.19       4.59     1.35e+02
218    0.280678  3.12e-14      -0.73     -24.00      -9.48     3.24e+02
219    0.532699  3.01e-15       0.72      -1.67       7.11     1.05e+01
220    1.478721  6.10e-16       1.76      -5.88       3.72            *
221    1.565218  3.39e-14       0.08      -6.45       3.58     1.45e+01
222    0.107718  2.16e-17       0.25      -3.04       6.08     9.38e+00
223    0.207953  3.56e-16      -0.19     -12.60      -1.38     2.82e+01
224    1.238990  1.39e-14       0.04      -6.40       3.43     2.53e+02
225    0.558179  3.50e-16      -0.52      -6.01       3.84     1.34e+01
226    0.378622  5.05e-15      -0.09      -1.51       7.32     4.06e+00
227    0.627285  1.95e-14       0.23      -5.46       4.07     3.11e+01
228    0.193340  2.53e-13      -0.01      -6.67       3.15     1.39e+02
229    0.540102  4.30e-17       0.15      -5.54       3.96     9.77e+00
230    1.253085  3.25e-15       0.10      -4.53       4.77     2.03e+01
231    0.609962  1.42e-14       0.26      -5.01       4.31     2.87e+01
232    0.927772  3.79e-15      -0.14      -6.32       3.31     3.41e+01
233    0.259363  5.13e-15       0.06      -4.47       4.77     1.96e+01
234    0.295699  7.53e-16       0.83      -3.29       5.51            *
235    0.628903  1.23e-15      -1.46     -11.07      -0.34     2.23e+02
236    2.951938  1.48e-14      -0.08      -4.30       4.88     7.58e+00
237    0.644301  2.81e-15       1.09      -4.67       4.15            *
238    2.038674  7.15e-16       0.53      -5.67       3.50     2.07e+01
239    1.213381  5.99e-15       0.36      -6.35       2.97     3.91e+01
240    0.166108  3.60e-13      -0.18      -3.13       5.88     7.36e+00
241    0.127501  6.34e-15       0.10      -3.76       5.20     1.90e+02
242    0.842790  1.67e-14      -0.07      -1.37       7.33     2.01e+01
243    0.399170  9.00e-17      -0.15      -4.64       4.48     2.45e+01
244    1.306198  1.20e-15      -1.76      -5.43       4.39            *
245    0.617575  1.20e-15       1.76     -15.53      -5.97     4.54e+01
246    0.288349  6.11e-16       0.39      -4.94       3.95     3.80e+01
247    0.213075  5.47e-14       0.03      -6.79       2.42     2.99e+01
248    0.492344  3.16e-15       0.12      -7.19       1.99     1.88e+01
249    0.701615  8.85e-15      -0.06      -7.27       2.00     3.42e+01
250    0.529156  1.91e-15       0.01      -4.38       4.47     1.56e+01
251    0.315225  9.87e-14      -0.06      -6.89       2.22     4.08e+01
252    0.285625  3.33e-13      -0.06      -8.11       1.07     7.38e+01
253    0.292408  2.23e-15      -0.48     -20.53     -10.15     7.39e+02
254    0.394946  7.43e-15      -0.11      -2.73       6.04     1.22e+01
255    4.630188  6.39e-15      -0.74      -4.98       4.23            *
256    0.392479  5.80e-16      -1.22     -10.79      -0.96     1.47e+02
257    0.295580  4.28e-15       0.05      -4.17       4.59     2.29e+01
258    1.096806  8.89e-16       1.76      -2.98       4.84     3.56e+01
259    1.672596  2.71e-16       0.21      -6.73       2.07     1.56e+01
260    0.935772  2.37e-16       0.54      -3.40       5.01            *
261    0.068180  8.32e-14       0.03      -5.55       3.23     5.27e+01
262    0.333411  1.45e-15      -0.94      -4.78       4.38            *
263    0.770375  7.80e-16       0.62      -5.37       3.00     2.26e+01
264    0.366734  3.94e-15       0.41      -7.21       1.31     1.14e+02
265    1.023504  2.40e-16      -0.52      -6.09       2.87     1.66e+01
266    0.353263  2.20e-17       0.08      -1.02       7.46     5.12e-01
267    0.707868  7.42e-16       0.49      -7.61       0.84     1.05e+01
268    0.501730  4.78e-16      -0.22      -7.22       1.62     1.89e+01
269    0.586486  6.21e-16       1.76      -3.50       4.10            *
270    0.570290  2.08e-15       0.19      -1.57       6.85     2.05e+01
271    0.763915  4.28e-14       0.18      -7.50       0.99     1.24e+01
272    0.785441  2.77e-15      -0.17      -1.32       7.29     2.59e+01
273    1.954430  5.63e-15      -0.03      -6.88       1.60     2.18e+01
274    0.306368  3.02e-15       0.03      -5.09       3.34     1.26e+01
275    0.963348  1.03e-15      -0.01      -4.06       4.39     4.68e+00
276    0.472995  1.54e-15       0.01      -1.02       7.46     7.67e+00
277    0.467616  6.33e-15      -0.12      -3.37       5.12     5.46e+00
278    0.459605  1.12e-15      -0.24      -2.86       5.67     1.27e+01
279    1.175840  3.60e-16      -0.12      -3.10       5.33     2.96e+00
280    2.760228  8.23e-15       0.01      -3.00       5.31     8.06e+00
281    4.758576  1.85e-14      -0.08      -6.05       2.14            *
282    0.463330  8.60e-17       0.05      -3.19       4.99     6.29e+00
283    0.386625  5.07e-14       0.04      -3.77       4.30     7.63e+00
284    0.154991  1.45e-15      -0.19      -6.40       1.56     1.25e+02
285    0.179485  2.75e-15      -0.22      -1.95       6.50     1.10e+02
286    0.263377  9.83e-17      -0.06      -0.31       8.21     1.48e+01
287    1.748301  5.29e-15       0.16      -0.84       7.43            *
288    1.498637  3.66e-15      -0.00      -2.81       5.31     4.33e+00
289    0.390739  1.23e-14      -0.01      -7.50       0.01     3.34e+01
290    0.782949  1.70e-16       0.21      -4.32       3.32     9.57e+00
291    0.535504  1.83e-15       0.12      -2.89       5.04     7.93e+00
292    0.668105  3.64e-14       0.03      -7.95      -0.77     7.45e+01
293    0.842104  1.35e-15      -0.34      -5.28       2.66     3.48e+01
294    0.412985  5.53e-15       0.13      -2.49       5.46     3.71e+00
295    0.286757  1.60e-15       0.39      -0.94       7.03            *
296    0.355655  1.16e-15      -0.71      -3.88       4.50            *
297    0.088922  9.17e-15      -0.04      -2.48       5.55     2.22e+00
298    0.339038  2.12e-15      -0.43      -8.90      -1.82     3.16e+01
299    0.943871  6.10e-16       0.86      -2.21       5.01            *
300    0.200384  4.85e-16       0.12      -1.36       6.72     3.76e+00
301    0.301511  3.44e-16      -0.06      -4.54       3.04     2.52e+01
302    2.040532  1.92e-15       0.34      -4.02       3.26     1.66e+01
303    0.128694  6.85e-15      -0.02      -8.03      -1.34     9.68e+02
304    0.973458  2.75e-14       0.02      -6.18       0.84     7.46e+01
305    0.151251  1.53e-12      -0.09      -2.81       5.11     1.82e+01
306    1.046117  8.53e-15      -0.13      -2.74       5.24            *
307    0.454839  9.25e-16       0.22      -0.88       7.20            *
308    0.148796  2.88e-15      -0.12      -2.87       5.04     5.47e+00
309    0.286646  6.10e-15       0.05      -6.44       0.44     2.13e+01
310    0.650837  2.16e-16       0.88      -2.25       4.78            *
311    0.214925  4.06e-17       0.20      -2.54       5.08     1.45e+00
312    0.518758  4.27e-15      -0.05      -8.11      -1.81     7.75e+01
313    2.154307  8.37e-15      -0.41      -4.65       2.98     9.93e+00
314    1.254052  5.96e-15      -1.52     -11.70      -4.84     1.02e+02
315    1.389605  3.30e-15       0.05      -1.13       6.99     8.93e-01
316    0.395353  2.00e-15      -0.09      -2.77       5.00     8.59e+01
317    0.078219  3.90e-14       0.02      -2.31       5.43     1.22e+01
318    1.116049  3.56e-13      -0.07     -13.12      -8.64     1.91e+02
319    0.961043  1.26e-13      -0.23      -6.70      -0.05     1.06e+01
320    1.011694  1.62e-14       0.22      -3.51       3.63     6.50e+00
321    0.280349  1.16e-16       0.07      -4.05       3.07     1.15e+01
322    0.301888  1.23e-16       0.01      -3.86       3.35     4.56e+00
323    2.417582  1.91e-14       0.49      -0.88       6.76            *
324    1.048705  1.13e-14       0.07      -4.24       2.74     4.29e+01
325    0.526556  3.96e-16       1.31      -2.72       3.36            *
326    0.891265  8.10e-16       0.27      -4.44       2.16     2.22e+01
327    0.822249  4.10e-15       0.01      -2.23       5.46     1.99e+00
328    0.278957  4.68e-15       0.06      -0.83       7.30     1.26e+00
329    0.356849  9.63e-17       1.76      -3.41       1.77            *
330    0.084202  1.37e-14       0.00      -1.83       6.00     5.77e+00
331    0.443825  6.50e-17       0.19      -2.50       4.82     4.95e+00
332    1.368881  1.43e-15       0.04      -0.64       7.57     8.68e+00
333    0.289689  1.54e-15       0.11      -2.41       4.99     2.18e+01
334    0.432866  4.07e-15       0.57      -1.24       6.05            *
335    0.468402  4.05e-17       0.87      -2.54       3.84            *
336    0.566734  1.43e-14       0.06      -2.64       4.70     3.64e+00
337    0.307178  2.72e-15      -0.13      -1.89       6.01     3.43e+00
338    1.319759  7.90e-16       1.76      -2.47       2.81            *
339    0.881438  1.91e-15       0.06      -2.11       5.44     1.80e+01
340    0.557841  1.37e-15      -0.58      -7.31      -1.11     3.22e+01
341    0.301311  1.93e-15       0.16      -0.94       6.95     1.03e+00
342    1.528124  4.17e-15       0.14      -1.43       6.30     4.84e-01
343    0.430464  2.78e-15      -0.40     -14.35     -11.46     6.05e+02
344    0.276726  1.42e-15       0.04      -2.03       5.53     3.11e+00
345    0.395731  4.10e-17       0.02      -5.53       0.53     3.95e+01
346    0.104675  3.21e-15      -0.05      -5.98      -0.01     2.70e+01
347    0.843980  7.12e-15      -0.20      -7.54      -2.02     4.69e+01
348    0.341213  4.55e-15      -0.11      -2.29       5.37     5.27e+00
349    0.506568  4.20e-17      -0.08      -1.43       6.56     3.48e-01
350    1.272842  1.27e-15       0.36      -1.89       5.29     2.80e+00
351    1.004958  7.28e-16       0.01      -3.90       2.88     6.55e+00
352    0.243392  4.85e-15      -0.06      -2.32       5.24     7.36e+01
353    1.630846  2.02e-16      -0.86      -4.90       2.56            *
354    0.612916  4.21e-16      -0.27      -4.79       1.88     1.60e+01
355    0.295838  7.50e-14      -0.04      -4.23       2.36     1.22e+01
356    0.599245  3.97e-15       0.16      -1.34       6.30     3.66e+00
357    1.783865  5.89e-16       0.24      -2.58       4.38     6.40e+00
358    1.207568  7.78e-14       0.17      -3.27       3.45     1.27e+01
359    0.644255  1.01e-14       0.44      -3.48       2.72     7.77e+00
360    0.377119  5.20e-14      -0.00      -3.53       3.26     2.48e+01
361    0.178554  6.07e-17       0.03      -0.70       7.42     5.99e+00
362    0.580840  1.18e-14       0.14      -3.28       3.36     1.19e+01
363    0.647198  2.56e-17      -0.18      -2.26       5.31     3.52e+00
364    0.242190  5.94e-16      -0.41      -4.20       2.68     2.12e+01
365    0.602738  4.05e-15       0.26      -1.94       5.14     1.04e+01
366    0.170934  1.07e-14      -0.16      -3.90       2.75     4.83e+01
367    0.288347  1.41e-14       0.12      -0.76       7.16     1.11e+00
368    0.497772  4.70e-17      -0.12      -1.67       6.10     8.58e-01
369    0.749659  1.78e-14       0.14      -3.52       2.84     1.42e+01
370    1.421124  9.35e-16       0.11      -4.50       1.35     2.86e+01
371    0.453394  1.95e-13       0.09      -3.98       2.12     3.05e+01
372    1.081328  1.57e-14      -0.08      -2.60       4.47     1.82e+01
373    0.125230  2.29e-15       0.07      -1.77       5.55            *
374    3.418039  3.12e-14      -0.17      -4.37       1.74     7.13e+00
375    0.532578  6.94e-16       1.76      -0.85       4.33     1.91e+01
376    0.518110  6.22e-17       1.76      -1.74       2.92     5.21e+01
377    0.994681  1.04e-14      -0.05      -3.68       2.59     2.57e+01
378    0.329187  3.30e-16       1.04      -3.12       1.73     2.89e+02
379    0.594575  6.04e-15      -0.14      -4.80       0.78     3.31e+01
380    1.122342  1.86e-13      -0.24      -2.10       5.42     2.66e+00
381    0.257056  1.02e-15       0.26      -0.98       6.44     2.12e+02
382    0.957242  2.05e-14      -0.18      -2.75       4.22     1.87e+01
383    0.192601  5.06e-15       0.20      -3.38       2.49     8.09e+02
384    0.194454  2.13e-15      -0.34      -2.97       4.10     3.96e+01
385    1.247666  8.87e-16      -0.55      -3.73       3.16     1.41e+01
386    2.559357  7.21e-16       0.01      -2.61       4.07     3.43e+00
387    0.288457  6.24e-14      -0.04      -2.08       5.04     3.59e+00
388    0.819990  1.59e-14       0.25      -3.27       2.51     7.93e+00
389    0.864227  6.96e-14       0.18      -3.92       1.53     3.65e+02
390    0.283070  1.59e-15       1.57      -0.87       4.27            *
391    0.778313  3.01e-15       0.83      -0.54       6.12     1.13e+01
392    0.141909  1.24e-16       0.83      -1.20       4.96            *
393    0.496077  2.79e-15      -0.49      -4.65       1.38     3.85e+01
394    0.527466  4.96e-15       0.10      -0.66       7.18     4.82e-01
395    0.327418  1.02e-15       0.15      -1.68       5.33     7.09e+01
396    1.013609  4.75e-15       0.00      -3.51       2.37     1.10e+01
397    0.658013  2.56e-16      -0.01      -0.65       7.39     2.13e+01
398    0.342723  2.54e-15       0.03      -3.41       2.38     1.28e+01
399    1.557917  5.09e-16       0.92      -0.22       6.37            *
400    0.249609  5.01e-16       0.29      -1.75       4.78     6.45e+00
401    1.279402  1.30e-14      -0.04      -6.20      -2.62     4.38e+01
402    0.481119  1.36e-14       0.12      -3.07       2.67     6.95e+01
403    0.786468  2.62e-15      -0.12      -3.28       2.77     3.31e+01
404    1.296850  1.95e-15       0.23      -2.40       3.66     2.34e+00
405    0.666438  5.42e-16       0.18      -4.06       0.67     4.51e+01
406    0.182492  5.17e-15      -0.03      -1.62       5.59     1.33e+01
407    0.923834  1.57e-15       1.04      -0.46       5.59            *
408    0.483311  3.78e-15      -0.06      -8.70      -7.46     6.61e+01
409    0.382376  6.32e-16       0.19      -1.67       4.99     2.27e+01
410    0.457502  1.92e-14      -0.08      -2.96       3.12     1.09e+01
411    0.655221  6.63e-15      -0.19      -4.82      -0.19     2.77e+01
412    0.407292  1.59e-16       1.44      -3.42      -0.89            *
413    0.231694  4.95e-13       0.02      -3.38       2.10     1.26e+02
414    1.534008  7.44e-15      -0.10      -4.54       0.09     1.46e+01
415    0.572592  2.90e-17      -0.27      -3.47       2.47     1.21e+01
416    0.360958  3.38e-16      -0.41      -4.25       1.27     4.16e+01
417    0.791526  2.00e-15      -0.22      -1.83       5.44     5.61e+00
418    1.219594  1.91e-14      -0.11      -8.84      -8.28     4.32e+02
419    1.025831  2.89e-14      -0.13      -3.52       2.01     2.40e+01
420    3.428466  1.81e-14       0.65      -2.29       2.69     1.10e+01
421    0.567080  1.65e-14       0.58      -4.33      -1.15     1.68e+01
422    0.203553  1.99e-15       0.13      -1.44       5.40     1.17e+01
423    1.156360  6.74e-17      -0.09      -0.85       7.00     3.89e-01
424    1.084020  1.30e-14      -0.04      -2.21       4.15     8.57e+00
425    0.371924  7.68e-16      -0.28      -3.67       1.67     1.63e+01
426    0.916938  1.56e-15       0.63      -3.06       0.79     3.67e+01
427    0.457681  5.05e-15       0.39      -2.00       3.53     5.19e+00
428    0.265072  3.07e-16       0.12      -2.52       3.06     3.31e+01
429    1.072968  1.71e-14      -0.00      -3.76       0.82     3.80e+01
430    1.276446  2.58e-15       1.76       0.32       5.08     8.94e+00
431    0.364590  1.02e-15       1.76      -7.84     -11.82     6.21e+02
432    0.725732  4.21e-14      -0.01      -1.65       5.12     5.09e+00
433    0.233164  7.99e-16       0.23      -1.36       5.13     6.36e+00
434    0.871243  6.07e-17       0.20      -2.04       3.79     1.03e+01
435    0.448723  4.15e-15       0.15      -2.50       2.93     5.60e+00
436    2.355278  4.43e-16       0.54      -1.71       3.64            *
437    0.460339  1.68e-14       0.02      -3.39       1.32     1.26e+01
438    0.370141  8.28e-15       0.22      -2.08       3.51     3.22e+01
439    0.293928  1.75e-14       0.11      -4.25      -0.83     3.89e+01
440    0.140746  1.73e-15       0.16      -2.87       1.95     5.11e+00
441    0.612331  3.64e-15       0.02      -2.88       2.28     2.26e+01
442    0.352464  7.38e-16      -0.47      -2.81       3.61     2.08e+01
443    0.865971  1.24e-15       0.09      -4.60      -1.72     1.26e+02
444    4.137539  1.75e-14       0.04      -5.93      -4.50     5.92e+01
445    0.559071  1.42e-14       0.09      -2.67       2.36     2.06e+01
446    0.575971  2.23e-14       0.06      -2.61       2.52     1.71e+02
447    1.046810  1.49e-14       0.32      -3.37       0.02     1.33e+01
448    1.709154  7.60e-14       0.16      -3.22       0.72     7.02e+01
449    0.228564  1.51e-14       0.01      -2.80       2.13     1.45e+01
450    0.813453  6.50e-13      -0.03      -3.46       0.69     2.84e+01
451    0.436507  6.20e-15       0.41      -4.33      -2.61     2.70e+02
452    0.710830  7.69e-14      -0.02      -4.78      -2.40     3.26e+01
453    0.352142  3.79e-15      -0.19      -3.00       2.16     2.81e+02
454    0.507356  1.57e-15      -0.37      -4.05       0.14     3.03e+01
455    1.179387  2.32e-16       1.76       0.16       3.94            *
456    1.594746  3.60e-15       0.18      -2.52       2.02     1.21e+01
457    0.671964  8.79e-15      -0.24      -3.68       0.46     3.13e+01
458    0.529121  1.37e-15      -1.05      -3.83       2.42            *
459    0.206649  4.67e-14       0.29      -3.31      -0.22     3.31e+01
460    1.204644  2.07e-14      -0.06      -2.58       2.50     4.69e+01
461    0.430367  1.51e-15      -0.30      -4.60      -1.66     5.60e+01
462    0.771367  3.62e-15       1.20     -10.16     -19.70     1.62e+02
463    0.252870  5.75e-16       0.21      -2.90       0.83     2.69e+01
464    0.118771  3.19e-15       0.05      -1.40       4.94     1.61e+01
465    0.154027  5.92e-14       0.03      -2.18       3.16     2.60e+01
466    1.165741  4.44e-15      -0.01      -2.29       3.02     1.48e+01
467    0.837365  5.83e-15      -0.15      -3.96      -0.69     7.41e+01
468    0.698261  7.70e-17       1.76      -4.73      -8.30     1.91e+02
469    0.771130  5.90e-16       0.91      -3.19      -1.95     2.52e+01
470    1.121944  2.50e-17       0.18      -1.72       3.71     4.40e+00
471    0.117802  1.61e-15       0.26      -2.92       0.57     1.50e+01
472    0.278137  5.15e-14       0.06      -2.16       3.06     1.13e+01
473    0.763933  4.79e-15      -0.04      -2.64       2.16     1.51e+01
474    0.340503  2.65e-15      -0.32      -2.16       4.13     1.43e+01
475    0.587559  1.50e-17       0.17      -1.79       3.59     2.52e+01
476    0.529116  5.78e-15       0.04      -1.70       4.18     1.68e+01
477    0.178352  8.06e-16      -0.02      -2.27       2.84     9.67e+00
478    0.517405  4.20e-14      -0.06      -2.75       1.79     6.31e+01
479    0.739099  3.34e-16      -0.41      -4.36      -1.22     1.70e+01
480    1.091008  4.11e-17       0.34      -0.09       7.22            *
481    0.237383  3.18e-14       0.06      -2.18       2.59     1.11e+01
482    1.347899  8.28e-15       0.04      -2.17       2.70     4.21e+00
483    0.717508  3.00e-14       0.01      -2.10       3.01     1.18e+01
484    0.455060  2.01e-14      -0.02      -1.60       4.29     6.28e+03
485    0.125962  7.50e-16      -0.14      -3.52      -0.41     5.41e+01
486    0.387690  1.78e-15       1.28       0.64       5.96     1.78e+02
487    0.840680  1.10e-16       0.26      -3.46      -1.90     3.96e+01
488    0.231603  1.13e-13       0.12      -2.22       2.01     4.61e+01
489    0.530075  2.10e-15      -0.75      -4.56      -1.40     2.03e+01
490    1.785611  1.70e-15      -0.46      -1.08       7.13     6.48e+00
491    0.212316  1.29e-16       1.30      -2.87      -4.01            *
492    0.719455  3.53e-15       0.71      -0.95       3.33     2.81e+01
493    0.629632  1.85e-15       0.00      -3.33      -0.81     5.38e+01
494    0.164950  2.37e-14      -0.08      -2.01       3.15     1.89e+01
495    0.262026  3.67e-17       0.48      -1.62       2.10     4.38e+01
496    0.870712  4.40e-17       0.06      -1.78       3.23     2.32e+01
497    0.557019  4.97e-14      -0.14      -2.02       3.24     9.83e+00
498    0.297692  6.55e-15      -0.39      -4.64      -3.30     4.67e+01
499    0.613571  1.70e-15      -1.75      -6.54      -3.84            *
500    0.308918  1.98e-17       0.18      -1.45       3.66     7.43e+00
501    0.309398  1.67e-17       0.07      -2.56       0.80     1.71e+01
502    0.380870  1.61e-14      -0.03      -1.69       3.70     9.07e+00
503    0.156399  1.82e-15      -0.32      -2.25       3.13     5.44e+00
504    0.844081  4.81e-15       0.08      -1.57       3.54     4.33e+02
505    0.517443  8.19e-15      -0.09      -2.43       1.63     2.87e+01
506    0.635056  1.81e-15      -0.58      -2.69       2.73     1.18e+02
507    0.890534  2.07e-15      -0.58      -2.56       3.11            *
508    1.755311  1.36e-15      -1.76      -3.42       5.06            *
509    0.305447  1.76e-17       0.99       0.29       5.58            *
510    1.703739  3.16e-15       0.67      -0.14       5.48     1.06e+01
511    7.707183  9.50e-15      -0.01      -2.78       0.15            *
512    0.305037  2.79e-15       0.29      -1.25       3.54     3.41e+01
513    1.019372  4.36e-16       0.38      -2.78      -1.48     4.30e+01
514    0.612558  4.81e-15       0.06      -1.68       3.12     4.14e+01
515    0.419280  1.50e-17       0.03      -1.56       3.61     1.39e+01
516    3.059510  3.45e-15      -0.78      -5.16      -4.23     3.41e+01
517    0.939165  7.35e-16       0.92      -2.92      -4.29     3.80e+01
518    1.273945  1.30e-16       0.11      -1.45       3.56     1.88e+01
519    1.101555  5.12e-14       0.12      -3.51      -2.81     1.96e+01
520    0.542936  3.66e-17       1.17      -1.15       0.09            *
521    1.193439  2.00e-15       0.61      -2.88      -3.07     3.56e+01
522    0.730134  1.28e-15       0.56      -1.57       1.09     1.68e+01
523    0.609607  8.20e-15      -0.10      -1.75       3.20     1.18e+01
524    1.166449  4.28e-14      -0.04      -2.81      -0.67     7.36e+01
525    0.416874  3.86e-15      -0.50      -2.38       2.73     3.41e+01
526    0.474381  1.71e-16      -0.08      -2.32       0.92     1.32e+01
527    0.353293  2.50e-17      -0.22      -2.85      -0.22     3.54e+01
528    1.358307  4.71e-15       0.54      -0.87       2.95     3.82e+01
529    1.494091  4.32e-15       0.42      -1.27       2.16     2.14e+01
530    0.283792  9.91e-17       0.12      -1.45       2.92     4.33e+00
531    0.578363  1.08e-15      -1.15      -5.42      -4.93     3.59e+01
532    0.291341  5.60e-17       0.50      -0.59       4.04            *
533    2.454609  1.11e-14       0.39      -1.65       0.88     1.77e+02
534    0.322909  5.19e-16      -0.66      -5.55      -7.97     7.56e+02
535    0.804304  1.10e-16      -0.82      -3.64      -0.43     2.44e+01
536    0.390328  3.78e-16       0.24      -2.31      -0.91     2.82e+01
537    0.182136  5.23e-14       0.01      -1.36       3.50     2.95e+01
538    0.227565  1.14e-17      -0.04      -2.05       1.30     2.81e+01
539    0.215507  9.79e-15      -0.10      -2.03       1.68     1.37e+01
540    0.240524  2.24e-13      -0.08      -1.56       3.29     2.13e+01
541    2.123506  3.30e-15      -0.21      -2.13       1.78     1.89e+01
542    0.804341  1.73e-15       0.48       0.11       6.51     2.94e+00
543    1.211785  6.60e-16       0.31      -0.47       5.24     8.33e+01
544    1.747293  1.43e-14      -0.18      -1.63       3.42     5.99e+00
545    1.396401  5.08e-15      -0.35      -1.61       4.31     2.23e+01
546    0.298987  4.14e-15       0.27       0.06       7.35     1.11e+01
547    0.255426  1.08e-15       0.26      -0.60       4.81     5.77e+01
548    0.854482  1.93e-14       0.12      -1.97       0.27     2.36e+01
549    0.318941  6.06e-14       0.05      -0.91       4.75     2.23e+01
550    0.861067  3.47e-14      -0.01      -3.01      -2.98     1.83e+02
551    0.586287  3.00e-15       0.28      -2.66      -3.40     2.98e+01
552    0.616979  6.51e-15      -0.32      -3.76      -4.39     5.05e+01
553    0.361921  2.92e-16      -0.77      -1.83       5.45            *
554    0.581017  1.92e-15      -0.01      -0.99       4.62     1.15e+02
555    0.890594  5.70e-15      -0.27      -2.27       0.84     2.94e+01
556    5.763777  1.16e-14      -0.36      -2.67      -0.26            *
557    0.266474  1.56e-15      -0.77      -3.56      -1.50     2.15e+02
558    0.692113  4.20e-15       0.28      -0.74       3.79     3.43e+01
559    1.225782  8.60e-15       0.34      -3.72      -8.65     1.29e+02
560    1.297837  2.61e-15      -1.57      -9.15     -20.03     1.98e+02
561    1.191024  1.88e-15      -0.69      -1.29       7.13            *
562    0.653054  6.31e-15       0.30       0.12       7.27     6.45e+00
563    0.447857  2.27e-15       0.33      -1.62      -0.32     4.67e+01
564    0.586986  7.86e-15       0.08      -1.10       3.45     8.29e+00
565    1.735898  8.00e-16      -0.21      -1.54       3.23     4.22e+00
566    0.102459  9.30e-14      -0.12      -0.76       6.02     4.93e+01
567    0.286561  1.02e-16      -0.14      -1.75       1.83     1.48e+01
568    0.868804  1.10e-15       0.71       0.37       5.67     6.05e+00
569    0.465365  7.41e-15       0.05      -1.06       3.41     4.33e+00
570    0.102618  2.67e-17      -0.16      -1.14       4.49     4.52e+00
571    0.899218  1.55e-14      -0.62      -1.73       4.68            *
572    0.255360  1.28e-15       0.39      -0.14       5.40            *
573    1.600114  1.77e-13       0.02      -1.34       2.14     1.10e+01
574    0.696279  5.88e-17       0.72       0.51       6.00            *
575    1.260214  9.20e-17       0.22      -0.46       4.62     1.22e+00
576    0.779628  1.46e-16       0.09      -1.08       2.52     1.37e+01
577    0.928108  4.40e-15      -0.06      -2.15      -1.81     5.99e+01
578    0.278481  3.77e-14      -0.03      -0.99       3.80     1.06e+01
579    2.072153  3.01e-15      -0.10      -1.05       4.00     3.42e+01
580    0.573745  8.76e-16      -0.56      -3.26      -3.64     1.11e+01
581    0.630314  1.80e-14       0.09      -1.71      -0.80     3.67e+01
582    0.311813  2.87e-15      -0.13      -1.38       2.32     5.49e+01
583    1.036067  2.88e-15      -0.15      -1.12       3.84     5.05e+00
584    0.656299  9.80e-15       0.78      -3.04     -13.49     1.63e+03
585    0.682419  5.29e-15       0.02      -1.15       2.30     2.75e+01
586    1.149499  8.20e-16      -0.08      -1.89      -0.83     2.72e+01
587    1.085521  3.30e-17      -0.14      -1.47       1.78     3.69e+01
588    0.397857  1.22e-14      -0.27      -2.03      -0.30     4.40e+01
589    0.349929  1.75e-15      -0.31      -2.58      -2.61     5.34e+01
590    0.321793  1.96e-16      -1.76      -3.98       0.80            *
591    1.289379  2.62e-14       0.04      -1.90      -2.20     2.72e+01
592    3.378574  1.61e-12       0.02      -0.90       3.50     4.65e+00
593    0.074670  1.32e-14      -0.03      -0.81       4.34     2.34e+01
594    0.590473  7.51e-15      -0.86      -3.15      -1.82     9.37e+00
595    0.189094  1.67e-15      -0.17      -1.34       2.37     4.34e+01
596    0.235475  3.92e-16      -0.55      -2.38      -0.60     3.28e+01
597    0.477715  8.28e-17       1.76       1.76       3.70     2.93e+01
598    1.565601  5.80e-15       0.35       0.22       6.79     3.41e+00
599    0.620448  7.46e-16       0.11      -0.09       7.08     4.29e+00
600    0.351125  3.27e-17       0.01      -0.86       3.46     1.93e+01
601    1.004037  1.62e-15       1.45       0.72       0.05     2.22e+01
602    0.404040  1.28e-16       0.77       0.39       3.94            *
603    0.280424  2.52e-14       0.05      -0.67       3.95     2.33e+02
604    0.477158  6.46e-16       0.14      -0.30       5.34     3.44e+01
605    0.399183  4.46e-15      -0.00      -0.84       3.27     4.49e+01
606    0.236173  1.09e-14      -0.02      -0.41       6.02     2.02e+01
607    0.218554  3.74e-16      -0.55      -1.90       1.50     1.16e+01
608    0.625034  9.00e-16       0.32      -0.20       3.89     2.79e+00
609    0.202722  8.01e-15      -0.03      -0.69       4.28     2.75e+01
610    0.948237  7.25e-15       0.41      -0.89      -1.95     3.97e+01
611    1.221708  2.11e-14       0.08      -1.58      -3.41     3.46e+01
612    1.309109  3.51e-15      -0.56      -1.70       2.50     1.96e+00
613    1.257788  1.99e-15       0.27      -0.17       4.42     4.18e+00
614    1.032471  1.50e-14      -0.03      -1.42      -1.60     6.35e+01
615    2.062386  2.30e-14      -0.14      -0.83       4.09     2.82e+00
616    1.465071  2.79e-15      -0.24      -1.01       3.81     7.83e+00
617    1.110132  1.22e-12      -0.01      -1.34      -1.38     2.98e+01
618    0.287432  1.44e-15      -0.10      -1.10       1.22     1.57e+01
619    0.882778  3.33e-15      -0.29      -1.23       2.44     8.05e+00
620    1.293100  1.10e-15       0.26      -0.07       4.76     2.25e+01
621    0.386004  1.12e-15       0.77       0.91       6.37            *
622    0.615538  7.20e-17      -0.14      -0.79       3.63     4.64e+00
623    0.866343  2.33e-16      -0.31      -1.11       3.11     2.09e+01
624    1.538427  8.85e-15       0.34      -0.22       1.66     6.10e+00
625    0.139460  8.48e-14       0.01      -0.44       4.26     5.81e+01
626    3.270242  2.20e-14      -0.00      -0.43       4.29     6.80e+00
627    0.753048  1.68e-15       0.13      -0.35       3.19     8.21e+00
628    0.829829  1.64e-13      -0.66      -1.48       3.79     2.98e+02
629    0.332887  4.02e-16      -0.06      -0.69       2.16     9.77e+00
630    2.184001  1.30e-15      -0.24      -0.94       2.38     1.19e+01
631    0.627981  1.28e-14      -0.46      -1.23       2.71     2.22e+01
632    0.323434  6.61e-16      -0.72      -1.88      -0.05     1.70e+01
633    0.871683  4.27e-17       0.15       0.10       7.02     5.11e+00
634    0.659794  2.10e-15       0.56       0.19       0.74     6.05e+00
635    0.768185  1.11e-15       0.20      -0.09       3.85     1.52e+00
636    0.362052  1.65e-15       0.32      -0.66      -5.66     4.02e+01
637    1.245915  4.10e-15      -0.03      -0.56       2.22     3.18e+01
638    0.337586  1.50e-14      -0.14      -0.50       5.10     4.02e+01
639    0.561778  3.62e-15      -0.95      -2.59      -5.17     9.54e+01
640    0.612524  1.05e-15       0.28       0.16       5.03     3.51e+00
641    1.169341  2.28e-12      -0.06      -0.67       1.13     2.74e+01
642    0.419335  1.21e-15       0.99       1.25       4.49     3.17e+01
643    0.350963  2.61e-14      -0.07      -0.88      -2.61     5.71e+01
644    2.642223  3.43e-15       0.29       0.18       4.17     9.79e+00
645    1.592419  1.49e-14       0.17      -0.05       3.64     3.78e+00
646    6.445036  3.00e-14       0.17      -0.08       3.03     1.29e+01
647    0.502803  1.57e-15      -0.08      -0.30       5.80     1.33e+00
648    0.768672  3.73e-14       0.03      -0.21       4.07     1.18e+01
649    0.450432  1.39e-13       0.01      -0.33       2.63     2.77e+01
650    0.816273  2.25e-15      -0.20      -1.15      -5.53     6.94e+01
651    0.397585  6.12e-15      -0.09      -0.27       6.27     3.75e+00
652    1.978847  8.56e-15       0.21       0.18       5.72     3.74e+00
653    0.349591  3.15e-15       0.17       0.06       4.62     6.62e+00
654    0.443398  8.19e-14       0.05      -0.11       4.59     4.43e+00
655    0.549498  2.96e-16       0.02      -0.50      -2.25     3.01e+01
656    0.768499  7.95e-16      -0.01      -0.09       7.02     6.13e+00
657    0.730373  8.86e-17      -0.08      -0.35       3.96     1.14e+01
658    0.234169  1.56e-16       1.76       2.59       4.05            *
659    1.215698  8.17e-17       0.33       0.44       6.56            *
660    0.322882  7.88e-15       0.06      -0.04       5.31     2.04e+01
661    0.114368  1.14e-14       0.02      -0.11       5.09     1.16e+01
662    0.239317  2.18e-15       0.02      -0.28       1.54     2.43e+01
663    0.529441  1.86e-14      -0.03      -0.39       0.83     2.89e+02
664    0.877561  1.97e-16      -0.05      -0.28       3.66     2.35e+01
665    0.341772  1.99e-17      -0.09      -0.19       7.39     1.53e-01
666    0.154087  2.15e-14       0.47       0.71       7.44     1.70e+01
667    0.803050  1.45e-15       1.76       2.67       4.96     8.87e+01
668    1.692656  1.85e-15       0.38       0.32       0.25     1.09e+01
669    0.606887  4.66e-13       0.00      -0.01       8.10     1.02e+00
670    0.570313  2.55e-14      -0.03      -0.41      -2.33     8.23e+01
671    0.515001  3.90e-15      -0.12      -0.36       3.80     6.68e+00
672    2.043082  2.27e-15       0.69       1.00       5.22     1.71e+01
673    3.904506  1.63e-14       0.19       0.24       6.52            *
674    0.346797  8.06e-17       0.16       0.09       2.76     6.59e+00
675    0.892959  1.48e-16       0.09       0.04       5.17     1.22e+01
676    0.223558  6.34e-16       0.03      -0.10       3.84     1.30e+01
677    1.893749  8.99e-15       0.01      -0.14       3.48     5.80e+01
678    0.512211  1.93e-15      -0.39      -0.78       3.83     1.06e+02
679    1.016349  8.16e-17      -0.57      -1.08       2.22     5.73e+00
680    0.412401  3.38e-17      -0.73      -1.29       3.74            *
681    0.405337  4.78e-16       0.69       1.06       3.82     1.18e+01
682    1.242508  4.72e-16       0.23       0.29       3.55     3.44e+00
683    2.414576  1.21e-13      -0.07      -0.17       4.85     2.53e+01
684    0.193105  1.06e-14      -0.16      -0.39       0.48     3.22e+01
685    0.306167  7.83e-16      -0.53      -0.93       3.95            *
686    1.757206  2.38e-15       0.24       0.37       6.56            *
687    1.683507  8.33e-16       0.13       0.19       6.06     1.20e+00
688    1.066061  2.12e-14      -0.07      -0.15       4.86     9.27e+00
689    1.045407  6.31e-16       1.76       2.85       2.06            *
690    1.160593  2.86e-15       0.56       0.88      -0.74     1.12e+01
691    0.367429  1.07e-14      -0.00      -0.01       8.30     5.20e-01
692    0.500254  1.32e-14       0.11       0.30       0.07     1.10e+02
693    2.780079  2.37e-15       0.02       0.20      -3.28     6.94e+01
694    0.394133  1.21e-15       0.48       0.87       5.00     2.65e+01
695    0.288603  3.99e-16       0.56       1.13       0.19     2.61e+01
696    0.442838  1.11e-16       0.11       0.27       4.62     5.14e+00
697    0.874486  2.42e-15       0.21       0.51       2.43     4.84e+00
698    1.335388  1.72e-15       0.05       0.23       3.23     1.95e+01
699    0.609874  7.87e-15      -0.20      -0.09      -0.55     3.03e+02
700    5.639047  7.95e-15       0.33       0.75       2.87     7.77e+00
701    0.712794  1.08e-14       0.15       0.53       1.37     2.56e+01
702    0.899377  2.64e-16       0.11       0.36       3.48     6.83e+00
703    0.910363  1.97e-16      -0.19      -0.16       4.08     2.35e+01
704    0.684014  3.81e-17      -0.36      -0.41       3.46     2.03e+01
705    0.394836  2.64e-15       0.09       0.50       1.06     1.22e+01
706    0.548227  8.83e-15      -0.55      -0.51      -0.74     1.12e+02
707    0.742352  1.29e-15      -0.18      -0.26       7.52     1.06e+01
708    0.191037  6.18e-16       0.13       0.64       1.11     2.59e+01
709    0.562558  8.13e-15      -0.00       0.01       8.30     7.20e-01
710    0.640229  3.47e-15      -0.13       0.17       0.88     1.86e+01
711    0.528336  1.41e-14       0.09       0.76      -1.65     2.38e+02
712    0.361691  5.71e-16      -0.45      -0.39       2.93     1.54e+01
713    0.392704  7.82e-16      -0.19      -0.17       6.27     2.36e+00
714    0.733744  6.86e-16       0.32       0.85       4.33     2.37e+00
715    0.322231  4.42e-15       0.36       1.27      -0.04     1.34e+01
716    1.175968  9.02e-14      -0.01       0.31       4.39     1.19e+01
717    1.004513  3.12e-14      -0.00       0.84      -2.99     2.26e+01
718    0.233541  1.12e-14      -0.03       0.51       1.30     8.86e+00
719    0.261955  1.37e-17      -0.06       0.12       5.67     4.00e+00
720    0.404980  5.27e-14       0.11       0.60       3.52     6.30e+00
721    0.670480  2.85e-16       0.00       0.43       3.56     4.92e+01
722    0.724514  1.24e-15      -0.12       0.48       0.78     5.99e+00
723    0.185310  7.82e-16       0.07       0.50       4.42     1.86e+01
724    0.234101  1.29e-14       0.00       0.32       5.00     4.80e+01
725    0.692552  1.69e-14       0.17       0.70       4.33     6.80e+00
726    0.430278  9.56e-16       0.19       1.46      -2.78     5.31e+01
727    2.107263  1.55e-15      -0.05       0.29       4.66     9.63e+00
728    1.202893  5.17e-15      -0.11       0.31       3.52     1.02e+01
729    0.766706  9.41e-17      -0.07       0.05       6.79     5.85e-01
730    0.798452  2.55e-16       0.25       0.94       3.85     2.71e+00
731    0.731505  3.07e-15       0.52       2.34      -4.58     2.83e+01
732    0.254720  9.34e-17       0.17       0.88       3.34     2.47e+01
733    2.843389  1.86e-14       0.14       0.72       4.12     8.08e+00
734    0.460974  1.09e-14       0.05       0.46       4.99     1.63e+01
735    0.810718  1.07e-14       0.05       1.39      -3.30     1.83e+02
736    0.558889  3.76e-15       0.05       1.29      -2.63     8.78e+01
737    0.956549  9.96e-14      -0.11       0.44       2.58     2.12e+01
738    0.574400  4.63e-15      -0.10       0.04       6.58     2.06e+00
739    1.078953  3.77e-15      -0.22      -0.02       5.15     1.03e+01
740    1.799272  5.50e-16       0.21       1.61      -2.56     3.75e+01
741    0.921491  3.31e-15       1.15       2.82       2.05     3.56e+01
742    2.550498  1.82e-16       0.41       2.16      -3.21     6.67e+01
743    1.108725  7.03e-16       0.15       0.86       3.77     1.16e+01
744    0.438113  1.55e-17       0.17       1.80      -3.63     2.86e+01
745    0.375297  1.60e-14       0.05       0.70       3.39     4.79e+00
746    0.415827  1.13e-13      -0.00       0.48       4.53     3.52e+01
747    0.124924  1.28e-13      -0.07       0.42       3.91     1.81e+01
748    1.081908  3.29e-15      -0.19       0.08       5.24     1.92e+01
749    1.385604  3.97e-16      -0.52      -0.30       3.58     2.71e+00
750    0.554262  2.11e-15       1.76       4.12       0.94            *
751    0.514671  5.64e-16       0.22       1.05       3.39     5.72e+00
752    0.569007  8.56e-15      -0.19       1.21      -3.57     8.83e+01
753    0.536596  1.77e-15       0.64       2.90      -4.05     2.66e+01
754    2.864338  1.52e-14       0.15       1.09       2.72     1.38e+01
755    0.443649  3.30e-16       0.15       1.16       2.15     1.13e+01
756    0.133667  1.34e-13       0.01       0.64       4.15     1.47e+02
757    0.334415  1.71e-17      -0.16       0.22       4.89     1.31e+01
758    0.570511  1.43e-16      -0.04       0.72       3.22     5.68e+00
759    0.218712  9.99e-16       1.01       2.48       4.28            *
760    0.454651  9.69e-16       0.84       2.49       2.35            *
761    1.181269  2.73e-16       0.29       1.30       3.37     6.18e+01
762    0.405769  8.39e-15       0.06       1.97      -3.21     9.86e+01
763    0.357807  1.76e-15       0.05       1.52      -0.63     2.92e+01
764    0.484286  5.73e-17       0.82       1.92       5.98            *
765    0.522618  1.41e-15       0.27       1.05       5.11     3.30e+01
766    0.668309  8.62e-16       0.25       1.46       2.32     8.90e+00
767    0.879791  1.70e-17       0.14       1.88      -1.48     1.96e+02
768    0.481789  1.21e-13      -0.05       1.54      -1.40     1.10e+02
769    0.163727  2.88e-17       0.15       0.51       7.10     3.38e+01
770    2.764195  4.99e-15      -0.52       0.97      -2.66            *
771    0.827776  1.22e-14      -0.55       0.64      -1.09     8.44e+01
772    0.876044  1.24e-15       0.52       1.82       3.68     4.83e+01
773    0.596993  7.72e-16       0.68       2.73       0.48     1.66e+01
774    0.544549  2.67e-15       0.16       1.04       4.48     6.06e+00
775    0.241035  1.16e-17       0.18       1.87       0.14     2.86e+01
776    0.918410  1.71e-14      -0.05       1.21       1.25     1.40e+02
777    2.457882  6.58e-14      -0.14       0.18       6.06     9.00e-01
778    0.364912  7.05e-15      -0.54      -0.08       3.47            *
779    0.313886  1.52e-16       1.76       6.43      -8.03     9.21e+01
780    0.895285  5.24e-15       0.50       3.17      -3.07     8.65e+01
781    1.124481  1.06e-14       0.04       1.40       1.58     9.97e+00
782    0.082747  2.55e-14       0.01       0.71       4.86     3.44e+01
783    0.434811  7.28e-15      -0.04       1.96      -2.23     1.07e+02
784    0.702414  3.82e-15      -0.07       0.85       3.37     2.27e+01
785    0.217214  2.39e-17       0.21       1.55       2.83     7.26e+00
786    0.153716  5.22e-17       0.03       1.17       3.03     2.19e+01
787    0.261049  3.83e-16      -0.55      -0.65       6.69            *
788    0.924945  1.61e-15       1.34       4.24       0.04            *
789    0.461713  2.69e-15       0.66       1.74       5.98            *
790    2.623859  8.00e-16       0.57       2.72       0.47     2.17e+01
791    0.557464  6.31e-15       0.01       1.93      -0.66     3.68e+01
792    0.415813  2.97e-16      -0.20       0.44       4.68     3.85e+00
793    0.793903  3.60e-15       1.04       3.10       3.28     1.14e+01
794    1.205374  1.91e-14       0.04       0.95       4.41     1.76e+01
795    0.538341  9.82e-16       0.04       1.41       2.34     1.32e+02
796    0.430991  3.77e-14      -0.09       2.30      -2.81     2.93e+01
797    1.223352  2.39e-14      -0.22       1.65      -0.98     1.30e+02
798    0.315835  1.77e-16      -0.88       1.54      -6.10     3.89e+01
799    0.426466  2.08e-15      -0.25       1.50      -0.12     4.59e+01
800    0.328514  4.78e-17      -0.28       1.00       1.80     9.65e+00
801    1.377868  2.92e-16       0.51       2.20       3.34     1.84e+01
802    0.957464  6.33e-15       0.04       2.30      -0.84     1.02e+02
803    3.975905  7.45e-13      -0.04       2.20      -1.02     6.68e+01
804    0.198436  7.79e-14      -0.04       2.05      -0.27     2.03e+01
805    1.249924  3.63e-14      -0.13       1.57       0.97     1.89e+01
806    0.217643  6.48e-15       0.23       1.19       5.53     1.75e+00
807    0.594500  1.33e-15       0.13       2.45      -0.14     1.85e+01
808    0.782313  7.26e-15      -0.05       1.51       2.20     5.04e+01
809    0.592885  6.64e-17      -0.31       0.33       4.92     1.43e+01
810    0.224604  1.43e-15       0.08       3.11      -2.65     5.77e+01
811    2.046838  3.60e-16      -0.30       2.16      -2.02     1.15e+01
812    0.387017  2.05e-15      -0.62      -0.21       4.78     2.86e+01
813    0.384487  5.80e-16      -0.94      -0.48       3.38            *
814    0.544800  3.82e-15       0.37       3.37      -1.21     5.29e+01
815    0.291489  2.04e-15       0.09       2.29       0.73     4.66e+02
816    0.281371  6.15e-15       0.05       2.20       0.85     1.20e+01
817    0.939690  4.11e-15       0.03       2.68      -1.11     2.09e+02
818    0.551134  9.68e-15      -0.01       2.17       0.55     6.79e+01
819    0.952709  7.06e-16      -0.02       1.04       4.63     7.88e+00
820    0.852047  3.13e-15       0.51       3.96      -1.86     8.87e+01
821    0.301490  1.32e-15       0.44       3.72      -1.57     4.04e+01
822    0.294163  5.66e-16       0.19       1.92       3.01     3.62e+01
823    1.388137  7.61e-16       0.35       4.01      -3.07     2.25e+01
824    1.060364  3.59e-16       0.98       2.83       5.27            *
825    1.515696  5.97e-16       0.02       0.46       7.05     3.70e-01
826    1.788490  2.59e-15       0.09       3.60      -3.42     7.75e+01
827    4.263164  5.75e-13       0.01       1.05       4.84            *
828    0.393522  3.45e-15      -0.11       1.42       2.81     8.96e+00
829    0.598076  6.33e-15       0.02       0.13       8.23     5.49e-01
830    0.337321  9.32e-16       0.22       1.17       5.96     1.97e+00
831    0.921460  4.50e-15       0.08       2.84      -0.70     1.85e+02
832    0.333243  3.79e-14      -0.07       2.59      -0.74     5.62e+01
833    0.309905  9.36e-17      -0.25       1.92       0.30     7.82e+01
834    0.414111  3.72e-17       0.24       1.15       6.23     1.24e+00
835    0.902316  2.53e-15       0.48       2.46       3.54     6.18e+00
836    1.656010  8.95e-13      -0.01       3.45      -2.92     2.85e+01
837    1.915131  5.37e-15      -0.02       1.99       1.84     1.06e+01
838    2.504518  4.03e-16       0.17       1.56       4.61     7.02e-01
839    0.974700  3.55e-16       0.46       4.51      -2.94     1.82e+01
840    2.071040  8.48e-14       0.07       3.32      -1.58     2.81e+01
841    0.214771  9.07e-16      -0.02       2.30       1.08     4.83e+01
842    0.831156  1.89e-15      -0.24       3.05      -2.73     2.71e+01
843    1.874269  1.35e-15      -0.26       0.56       5.13     2.82e+01
844    0.456512  4.59e-16      -0.78      -0.48       5.12     1.84e+01
845    0.759777  1.13e-15       0.42       2.14       4.49     1.62e+01
846    0.752907  2.27e-16       0.31       1.13       6.88     6.80e+00
847    0.279829  1.38e-15       0.10       2.12       2.59     1.26e+02
848    1.846534  3.65e-14       0.14       2.92       0.28     3.88e+01
849    0.617107  9.60e-15      -0.04       3.35      -2.13     5.09e+01
850    1.625405  4.52e-15      -0.15       2.53      -0.31     3.95e+01
851    1.636792  2.79e-16      -0.25       1.56       2.05     1.72e+01
852    0.284054  2.93e-15      -0.24       0.06       6.86     6.89e+00
853    2.499468  3.91e-15       0.20       1.05       6.57     2.88e+00
854    0.435759  3.55e-15       0.10       2.72       0.95     8.38e+01
855    0.362492  5.38e-15       0.03       2.01       2.75     2.60e+01
856    0.359394  3.92e-16      -0.08       1.78       2.72     2.93e+01
857    0.412230  7.58e-16      -0.14       2.36       0.54     1.10e+01
858    0.189335  5.23e-15      -0.20       0.79       4.89     6.71e+01
859    1.161743  3.01e-16      -0.33       0.72       4.32     3.99e+00
860    1.505875  1.74e-15      -0.49       0.90       2.83     1.06e+01
861    0.223320  4.40e-16      -0.57       0.68       3.09            *
862    0.778949  8.76e-16       0.23       1.12       6.55     2.04e+00
863    0.769006  5.25e-14       0.01       0.11       8.22     1.08e+00
864    0.279187  2.27e-14      -0.10       1.58       3.28     7.72e+01
865    2.093136  4.91e-15       0.02       1.64       3.96     1.66e+01
866    0.101487  7.53e-14      -0.05       1.27       4.58     3.56e+01
867    0.770620  8.78e-15      -0.07       1.07       5.07            *
868    0.382073  1.08e-15      -0.29       3.06      -1.93     5.44e+01
869    0.270502  1.54e-15       0.23       2.91       1.71     7.65e+01
870    0.512548  7.23e-15       0.07       1.65       4.35     5.79e+00
871    0.245757  1.00e-15       0.09       2.23       2.77     6.81e+01
872    0.269415  1.46e-15       0.35       3.67       0.55     9.21e+01
873    0.153197  6.13e-16       0.03       1.72       4.10     4.68e+00
874    0.246328  2.07e-14       0.00       1.50       4.50     4.19e+00
875    0.072052  1.48e-14       0.01       2.54       1.70     1.53e+02
876    0.860332  9.95e-16      -0.17       2.50       0.91     1.66e+01
877    0.514523  1.27e-15      -1.04       2.47      -3.77     5.99e+01
878    0.199147  5.25e-16       0.28       1.68       5.65     4.74e+00
879    0.318401  4.79e-15       0.14       2.19       3.51     1.34e+01
880    0.307133  5.55e-15      -0.33       1.38       3.20     2.32e+02
881    0.345698  2.37e-16       0.53       3.51       2.35     2.02e+00
882    0.457536  6.32e-15       0.19       1.30       6.17     2.51e+00
883    0.405043  6.00e-14      -0.03       1.27       5.15     1.79e+01
884    6.221553  4.77e-14      -0.04       1.50       4.41     2.09e+01
885    0.747188  1.71e-15      -0.27       3.36      -1.36     2.82e+01
886    0.771493  7.62e-17      -0.25       2.39       1.07     6.10e+00
887    0.612133  3.09e-16       0.04       1.74       4.45     1.89e+01
888    0.067267  8.32e-15      -0.01       1.61       4.48     6.19e+00
889    2.857941  5.47e-15      -0.12       1.85       3.31     3.64e+01
890    2.165679  2.99e-15      -0.21       2.08       2.37     2.10e+01
891    0.507945  1.09e-15      -0.31       2.46       0.87     1.22e+01
892    0.533917  1.51e-15       0.11       0.75       7.26     2.94e-01
893    0.744295  3.71e-14       0.16       3.70       0.50     5.43e+01
894    0.647293  6.39e-14       0.03       2.05       3.72     5.68e+01
895    0.330354  4.20e-15      -0.07       2.37       2.52     5.37e+01
896    0.686704  4.16e-14       0.20       2.35       4.01     7.20e+01
897    1.521545  1.28e-15       0.16       3.19       1.86     1.09e+01
898    0.483459  1.23e-14       0.13       2.51       3.24     2.04e+01
899    0.085284  9.17e-15       0.00       1.79       4.37     7.29e+01
900    0.633640  5.27e-16      -0.17       3.06       0.63     3.56e+01
901    1.889436  2.70e-16      -0.67      -0.73       6.94            *
902    0.520954  1.05e-17       0.17       1.35       6.24     2.02e+00
903    0.329532  4.49e-16       0.26       2.21       4.76     3.22e+00
904    0.290108  7.19e-17       0.07       1.05       6.45     2.64e+01
905    0.487914  1.83e-15       0.11       2.86       2.55     3.48e+01
906    0.317315  6.04e-16       0.12       3.98       0.03     2.45e+01
907    0.512980  5.82e-14       0.03       1.96       4.16     2.27e+01
908    0.788354  3.25e-14       0.03       2.83       2.19     1.67e+01
909    0.358306  4.69e-17      -0.26       0.96       5.11     1.25e+01
910    1.465656  1.93e-15      -0.54       1.52       2.50     1.85e+01
911    0.841865  3.06e-15       0.17       2.44       3.85     4.41e+00
912    1.087749  4.73e-16       0.14       3.16       2.11     1.17e+01
913    0.305830  4.05e-14       0.06       2.73       2.67     5.39e+01
914    0.859192  2.14e-14      -0.09       2.56       2.40     2.19e+01
915    0.145347  4.39e-15      -0.08       1.79       4.19     8.94e+00
916    0.379536  4.32e-17      -0.07       1.54       4.77     2.94e+00
917    0.302448  5.92e-15      -0.06       0.96       6.12     1.25e+01
918    0.165907  2.06e-14      -0.08       1.11       5.63     2.09e+01
919    0.670486  1.74e-15      -0.99       4.41      -5.84     1.36e+01
920    0.354237  1.66e-15       0.09       2.11       4.39     3.84e+01
921    0.457245  1.30e-15       0.13       3.61       1.27     9.79e+00
922    0.562711  1.18e-14      -0.13       2.04       3.51     1.07e+02
923    0.178756  1.04e-15      -0.20       1.29       4.82     1.53e+00
924    0.617037  1.68e-15       0.12       1.30       6.31     3.97e+00
925    0.473513  3.77e-17       0.20       1.72       5.76     3.57e+00
926    0.201063  3.30e-15       0.03       2.20       4.00     1.26e+01
927    0.096294  4.52e-14       0.03       2.71       2.93     2.68e+01
928    1.905809  7.72e-16       0.00       2.10       4.04     6.08e+01
929    1.963532  6.20e-15       0.93       4.07       4.05            *
930    1.876019  3.65e-14      -0.35       2.56       1.45     9.59e+00
931    0.618358  5.50e-15      -0.29       0.77       5.57     3.33e+00
932    0.380831  1.16e-13       0.10       3.77       1.13     2.26e+01
933    0.235303  3.34e-14       0.02       2.10       4.26     6.49e+00
934    0.927178  7.74e-17      -0.01       2.53       3.26     5.42e+00
935    1.218354  3.08e-15      -0.16       1.62       4.47     9.46e+00
936    0.488242  4.00e-17      -0.63       1.59       2.44     1.59e+01
937    0.238778  1.25e-14       0.13       3.26       2.51     1.26e+01
938    0.520940  7.69e-15       0.06       2.20       4.36     4.62e+00
939    0.149461  8.10e-16       0.06       2.29       4.08     5.70e+00
940    0.585319  3.31e-15       0.03       2.09       4.42     6.32e+00
941    0.484914  1.32e-16      -0.01       1.01       6.40     1.57e+00
942    0.449548  3.64e-15      -0.04       2.82       2.59     6.01e+01
943    0.418969  2.60e-14      -0.17       2.45       2.87     6.03e+00
944    1.911428  4.95e-15      -0.23       1.45       4.59     6.46e+00
945    0.797478  8.29e-15       0.33       3.00       4.00     2.06e+00
946    0.859368  9.60e-15      -0.02       2.24       3.98     7.87e+00
947    1.893353  2.30e-14      -0.07       3.93       0.42     1.29e+01
948    0.035578  2.20e-16      -0.07       2.91       2.43     5.44e+01
949    0.437869  1.00e-16      -0.25       4.89      -2.14     5.07e+01
950    0.955672  2.35e-15      -0.13       2.39       3.25     7.66e+01
951    1.096440  2.42e-15      -0.10       1.85       4.40     2.83e+01
952    5.309377  2.37e-14      -0.14       2.01       3.99     2.44e+01
953    0.940962  6.41e-15      -0.40       3.05       0.79     8.96e+00
954    0.754470  3.20e-15      -0.53       3.42      -0.44     2.02e+01
955    6.597563  6.33e-15      -0.07       0.33       7.55            *
956    0.663321  1.81e-14       0.15       3.65       2.21     4.28e+01
957    1.657656  3.35e-16       0.06       2.18       4.56     3.04e+00
958    0.204068  5.79e-14       0.03       1.98       4.85     2.41e+01
959    0.186149  6.39e-15       0.03       2.41       3.93     6.95e+01
960    0.445749  2.34e-13      -0.03       2.22       4.14     4.78e+00
961    0.381319  1.09e-15       0.27       1.59       6.61     1.05e+01
962    1.334557  6.41e-16      -0.80       3.57      -1.71     2.12e+01
963    0.353603  1.60e-16      -1.76      -2.53       5.93            *
964    1.054228  6.72e-15       0.12       3.27       2.90     2.53e+01
965    3.088256  2.96e-14       0.23       2.23       5.27     4.02e+00
966    0.404920  4.52e-15       0.12       5.54      -1.47     3.25e+01
967    0.233326  8.11e-16       0.22       1.86       5.89     9.27e-01
968    1.839944  5.09e-16       0.01       1.97       4.85     7.58e+01
969    0.526682  2.19e-14       0.01       1.89       4.95     5.66e+00
970    0.564475  2.20e-17      -0.11       3.12       2.22     2.65e+01
971    0.313016  7.60e-17       0.98       6.74      -0.19     2.56e+01
972    0.344643  1.05e-14      -0.28       2.99       1.73     4.45e+01
973    0.471604  2.29e-16       0.83       4.06       4.30            *
974    0.880330  7.79e-15       0.08       1.45       6.19     2.16e+01
975    0.782598  2.49e-16       0.18       4.01       1.90     1.43e+01
976    0.669872  2.47e-15       0.14       3.62       2.36     1.32e+01
977    2.027524  1.44e-14       0.08       3.18       3.01     3.74e+01
978    0.132314  1.04e-15       0.01       4.20       0.76     6.21e+01
979    0.781934  2.39e-15      -0.01       2.22       4.38     3.72e+00
980    0.754963  8.54e-16      -0.05       2.85       3.05     6.43e+01
981    0.191614  2.14e-15      -0.11       1.98       4.38     3.55e+00
982    0.475393  1.33e-14      -0.17       2.45       3.28     5.66e+00
983    0.536414  1.74e-14      -0.15       1.91       4.37     7.45e+00
984    0.583550  7.20e-15      -0.81       2.87      -0.05     1.39e+01
985    0.641098  6.08e-15       0.19       4.55       1.13     3.15e+01
986    0.507722  1.67e-14       0.02       2.97       3.30     3.12e+01
987    0.525049  1.02e-14       0.01       4.35       0.76     4.18e+01
988    0.991027  3.91e-15      -0.03       1.31       6.05     8.50e+00
989    0.269443  6.80e-16      -0.08       3.75       1.37     1.23e+01
990    0.335163  6.18e-17      -0.07       2.41       3.90     1.08e+01
991    0.255699  9.71e-15      -0.10       2.81       3.00     8.40e+01
992    0.375463  1.87e-15       0.32       1.58       6.95     7.46e+00
993    0.207636  8.86e-15      -0.03       3.20       2.81     1.49e+01
994    0.486751  1.13e-14      -0.06       2.18       4.44     3.40e+01
995    1.092348  1.34e-14      -0.13       2.46       3.71     1.37e+01
996    1.421654  5.46e-16       0.27       2.16       5.72     4.11e+00
997    0.340528  4.49e-15      -0.21       3.35       1.73     2.06e+01
998    0.104695  3.67e-16      -0.24       2.51       3.22     9.24e+01
999    0.634354  9.35e-15      -0.21       2.03       4.08     7.83e+00
1000   0.206220  2.01e-15      -0.39       2.20       3.13     1.76e+01
1001   2.618918  9.72e-15      -0.61       2.40       1.85     1.66e+01
1002   0.434373  1.12e-14       0.08       1.75       5.82     3.48e+00
1003   4.476723  1.61e-13      -0.02       2.32       4.43            *
1004   0.350110  1.26e-15      -0.43       4.33      -0.62     3.57e+01
1005   0.861380  5.19e-15      -0.19       1.91       4.46     3.80e+00
1006   4.878839  6.06e-15      -1.76      -2.33       5.66            *
1007   6.707046  1.27e-12       0.02       3.95       1.96     1.93e+01
1008   0.597769  5.17e-14      -0.05       1.51       5.77     4.19e+01
1009   0.957991  1.09e-14      -0.10       2.24       4.35     1.11e+01
1010   0.340832  2.83e-17      -0.18       3.59       1.84     9.17e+00
1011   0.778164  4.65e-15      -0.15       2.09       4.41     1.69e+01
1012   0.537624  1.61e-15       0.01       0.83       7.19     1.44e+00
1013   0.274557  1.35e-15       0.05       7.98      -4.38     4.36e+01
1014   0.659432  5.25e-15       0.00       2.29       4.74     1.66e+02
1015   1.637129  8.86e-15      -0.23       3.64       1.63     2.42e+01
1016   0.225004  2.87e-16      -0.43       5.54      -2.28     3.53e+01
1017   2.218603  3.74e-15       0.51       5.40       1.60     2.70e+01
1018   0.505957  8.75e-15       0.09       0.90       7.38     3.53e-01
1019   0.328665  2.72e-16       0.26       2.17       5.93     1.25e+00
1020   1.312218  1.43e-15      -0.39       1.78       4.09     4.78e+00
1021   0.297770  1.41e-17      -0.45       1.49       4.39            *
1022   4.308190  2.33e-14      -0.14       0.24       7.59            *
1023   0.672481  1.11e-14       0.07      11.08      -9.18     8.70e+01
1024   0.542155  2.80e-14       0.08       2.54       4.74     9.48e+00
1025   0.668408  2.20e-14      -0.04       0.95       6.85     2.53e+00
1026   0.761194  2.16e-14       0.10       1.43       6.56     5.81e-01
1027   0.953384  5.39e-14      -0.12       1.30       5.98     4.76e+00
1028   1.451319  4.62e-14      -0.16       1.66       5.22     1.90e+01
1029   2.191498  4.32e-15       0.01       3.90       2.44     4.16e+01
1030   0.166634  3.91e-14       0.01       5.73      -0.53     2.02e+02
1031   1.081844  3.59e-16       0.03       2.34       4.93     1.82e+01
1032   0.734185  1.26e-15      -0.01       5.34       0.07     2.29e+01
1033   0.345582  1.49e-15       0.35       2.21       6.29     6.41e+00
1034   0.518721  4.74e-15      -0.04       3.69       2.72     2.07e+01
1035   1.409065  8.74e-16      -0.01       0.66       7.45     1.54e+00
1036   0.953182  2.48e-15      -0.06       3.31       3.16     1.10e+01
1037   0.906977  1.37e-13       0.06       3.79       2.91     4.56e+00
1038   0.435194  7.96e-15      -0.16       3.87       1.94     1.16e+01
1039   0.284697  1.09e-15       0.11       1.89       5.96     6.63e+00
1040   1.205303  1.15e-14       0.36       2.44       6.02     9.19e+00
1041   0.467894  5.68e-15      -0.02       2.79       4.23     8.06e+00
1042   0.957751  1.40e-14      -0.02       3.96       2.46     1.56e+01
1043   2.180195  9.70e-14       0.00       4.42       1.83     1.41e+02
1044   0.451473  1.76e-15      -0.07       2.85       3.91     1.02e+01
1045   0.428979  5.15e-15      -0.09       3.38       3.03     2.40e+01
1046   1.326149  1.02e-16       0.14       3.94       3.04     3.62e+01
1047   0.524151  1.46e-14      -0.27       2.10       4.42     1.25e+02
1048   0.336337  8.77e-17      -0.47       0.36       6.32     7.15e+00
1049   0.101436  5.57e-15      -0.05       3.59       2.99     3.77e+01
1050   0.397882  3.35e-14      -0.05       4.11       2.25     1.68e+01
1051   0.275578  2.14e-14      -0.00       2.14       5.33     3.06e+00
1052   0.905137  1.29e-15       0.26       4.60       2.53     8.53e+01
1053   0.126400  6.12e-16       0.17       2.96       4.76     3.64e+01
1054   3.914658  5.13e-15       0.48       4.94       2.83     6.25e+00
1055   4.557820  1.45e-13       0.06       2.42       5.17            *
1056   1.366450  1.85e-15       0.11       4.70       2.09     7.58e+00
1057   0.573197  6.39e-16       0.61       5.61       2.46     7.04e+01
1058   1.146595  4.16e-15      -0.66       1.81       3.64            *
1059   0.845348  1.81e-14       0.07       4.40       2.49     5.38e+01
1060   1.678106  9.29e-16       0.18       5.97       0.67     4.37e+01
1061   1.393484  2.67e-13       0.28       6.00       0.88     2.26e+01
1062   0.258685  7.52e-16       0.28       4.36       3.24     4.68e+00
1063   0.345401  2.40e-16      -0.44       2.03       4.09     1.14e+01
1064   0.620217  1.22e-15      -0.10       4.87       1.40     2.82e+01
1065   0.267440  2.08e-13      -0.03       1.87       5.78     2.07e+00
1066   0.420252  3.71e-17       0.09       4.21       2.94     2.34e+01
1067   0.370483  1.70e-15      -0.22       1.65       5.48     4.76e+00
1068   0.356929  5.46e-17      -0.04       1.49       6.33     6.36e+00
1069   0.139760  3.12e-14      -0.05       2.98       4.27     1.99e+01
1070   0.630983  1.40e-14      -0.10       8.73      -3.71     6.76e+01
1071   0.415823  4.03e-14      -0.05       4.66       2.00     1.02e+02
1072   0.349951  6.93e-15       0.24       7.11      -0.46     8.64e+01
1073   0.502924  4.74e-15       0.37       5.70       1.91     1.06e+01
1074   3.687219  1.05e-14      -0.38       1.49       5.20            *
1075   0.745828  4.61e-15      -0.11       7.28      -1.62     3.42e+01
1076   4.693233  2.43e-14      -0.05       3.81       3.29     4.17e+00
1077   0.551059  5.06e-15      -0.64       3.25       2.11     1.56e+01
1078   1.044313  2.55e-14       0.09       3.78       3.87     1.07e+01
1079   0.385194  1.42e-16      -0.14       1.81       5.74     4.90e+00
1080   0.374262  5.71e-15      -0.07       2.55       5.01     6.16e+00
1081   0.389869  5.13e-15       0.13       4.68       2.89     1.28e+01
1082   0.612209  2.05e-16      -0.16       0.12       7.83     6.37e+00
1083   0.318817  3.24e-15      -0.21       4.17       2.63     1.56e+01
1084   0.288219  2.36e-15      -0.07       1.73       6.10     3.33e+00
1085   1.299693  4.56e-16      -0.06       2.36       5.33     9.05e+00
1086   0.355725  2.29e-15      -0.18       1.49       6.03     1.92e+00
1087   0.801693  2.57e-15      -0.44       3.59       2.56     4.35e+00
1088   0.636584  5.23e-16      -0.08       4.66       2.32     5.33e+01
1089   0.655450  7.46e-15      -0.08       4.23       2.93     2.06e+02
1090   0.554756  1.27e-14      -0.08       6.21       0.43     1.55e+01
1091   2.663080  1.32e-13      -0.03       4.24       3.04     5.25e+01
1092   0.690576  8.67e-15      -0.08      18.54     -15.09     2.43e+02
1093   0.614757  3.11e-14       0.00       5.30       1.89     4.73e+01
1094   0.832002  1.80e-17       0.04       1.99       6.11     4.55e+00
1095   0.643999  2.29e-15       0.06       2.21       5.92     1.04e+01
1096   1.781928  1.64e-15      -0.27       1.05       6.34     1.82e+01
1097   1.956858  8.23e-16      -0.22       0.39       7.31            *
1098   1.223777  2.41e-15      -0.13       3.64       3.62     6.30e+00
1099   1.524672  2.00e-15      -0.23       1.61       5.82     2.16e+00
1100   0.746577  1.29e-14       0.01       2.29       5.72     1.56e+01
1101   0.673503  7.71e-15       0.04       4.48       3.12     5.39e+01
1102   0.487813  2.10e-16       0.06       2.17       5.98     1.89e+00
1103   0.729304  4.03e-15      -0.11       1.93       5.82     5.99e+01
1104   0.301459  6.79e-16      -0.22       1.62       5.87     1.35e+00
1105   0.374117  1.92e-14       0.01       5.00       2.46     1.60e+01
1106   0.431887  3.40e-15      -0.87       4.16       0.83            *
1107   0.357155  3.69e-14       0.11       2.83       5.44     3.48e+00
1108   0.139525  1.18e-16      -0.32       3.63       3.20     8.68e+01
1109   0.379387  8.90e-16      -0.33       2.67       4.37     2.19e+00
1110   0.263345  1.73e-14       0.14       6.10       1.61     3.05e+01
1111   1.856570  2.76e-16       0.13       2.77       5.58     9.42e+00
1112   0.750808  7.42e-16      -0.83       2.20       3.39            *
1113   0.643181  3.05e-15      -0.43       3.83       2.76     4.39e+01
1114   0.441210  1.11e-15      -0.09      11.57      -5.37     1.37e+02
1115   0.989706  1.35e-13      -0.02       3.37       4.49     1.40e+01
1116   0.648040  4.94e-15       0.01       3.26       4.74     4.46e+01
1117   1.043362  1.15e-14      -0.24       5.73       1.29     1.95e+01
1118   0.267275  2.14e-15      -0.04       4.56       3.19     8.33e+01
1119   1.286564  1.52e-16      -0.01       3.31       4.66     7.71e+00
1120   0.775345  1.32e-16       0.09       3.83       4.37     1.01e+01
1121   0.351879  1.14e-15      -0.30       4.54       2.55     2.58e+01
1122   0.240153  8.22e-15      -0.27       5.31       1.72     1.26e+01
1123   1.138403  3.15e-15      -0.21       7.63      -0.68     5.13e+01
1124   0.363676  1.84e-14      -0.02       3.24       4.84     8.37e+00
1125   0.574698  6.71e-16      -0.01       4.54       3.39     1.92e+01
1126   0.226107  9.43e-14       0.10       5.24       2.89     1.71e+01
1127   1.420160  1.60e-13       0.17       3.75       4.79     3.62e+00
1128   0.846793  9.80e-16      -0.24       5.88       1.30     8.04e+01
1129   0.291021  2.59e-15      -0.11       2.80       5.07     1.55e+01
1130   0.212353  8.25e-16      -0.00       0.38       8.07     1.82e-01
1131   0.185397  2.39e-15       0.04       6.37       1.56     4.35e+01
1132   0.336555  3.49e-14       0.08       6.00       2.05     1.71e+01
1133   0.830270  9.80e-17       0.03       3.54       4.73     6.15e+00
1134   1.016948  5.52e-15      -0.23       1.87       5.84     9.25e+00
1135   0.989831  5.53e-15      -0.21       2.74       4.94     1.28e+01
1136   0.755993  2.06e-14      -0.18       5.59       1.98     2.44e+01
1137   0.222949  3.58e-14       0.04       5.61       2.52     2.35e+01
1138   0.283641  2.64e-15       0.08       3.38       5.10     4.38e+01
1139   1.360603  1.78e-16      -0.53       3.59       3.18     2.90e+00
1140   0.337855  2.62e-16      -0.34       3.82       3.47     2.40e+01
1141   0.504605  2.19e-15      -1.01       5.45      -0.12     5.78e+01
1142   2.330263  4.47e-15      -0.12       1.84       6.20     1.31e+01
1143   0.452867  1.92e-15      -0.45       9.90      -3.27     9.71e+01
1144   2.712423  6.12e-15      -0.05       2.39       5.80     4.67e+00
1145   0.325415  8.31e-15      -0.08       4.02       3.99     3.17e+01
1146   1.441742  8.23e-15       0.18       4.67       4.02     1.17e+01
1147   0.409349  1.58e-14       0.01       2.98       5.50     3.94e+00
1148   0.825936  4.07e-15      -0.40       1.66       5.77     4.56e+01
1149   1.616130  2.79e-13      -0.17       2.18       5.88     5.58e+00
1150   0.134409  4.57e-15      -0.12       5.29       2.82     3.61e+01
1151   0.163246  1.76e-14      -0.04       2.40       5.97     8.53e-01
1152   1.241965  4.32e-16      -0.04       2.93       5.47     2.49e+00
1153   0.837148  1.67e-14      -0.03       5.51       2.85     3.30e+01
1154   0.035909  3.37e-15      -0.01       3.14       5.30     1.00e+01
1155   0.306069  5.02e-15       0.13      10.82      -1.98     9.75e+01
1156   0.923391  8.68e-15       0.13       3.94       4.88            *
1157   0.521473  8.04e-16       0.14       3.76       5.10     3.08e+01
1158   0.457527  1.02e-15      -0.69       5.95       0.78     7.16e+01
1159   0.693811  3.32e-17      -0.10       1.77       6.49     1.87e+00
1160   0.600997  6.56e-16       0.01       2.72       5.84     7.94e+00
1161   0.317306  2.99e-16      -0.50       4.29       2.98     2.70e+01
1162   1.542704  3.31e-15      -0.06       1.34       7.04     1.33e+00
1163   2.058314  1.39e-16      -0.10       2.41       5.88     2.66e+00
1164   0.342777  1.57e-15      -0.18       5.57       2.60     1.91e+01
1165   0.404547  1.53e-14      -0.08       4.92       3.53     6.37e+01
1166   0.297494  4.89e-17       0.16       5.79       3.34     6.02e+00
1167   0.541752  1.07e-14      -0.29       5.59       2.46     1.90e+02
1168   0.439995  2.90e-15      -0.21       5.50       2.72     2.80e+01
1169   2.182746  1.31e-14      -0.18       4.82       3.45     6.33e+00
1170   0.270254  2.52e-15      -0.05       2.02       6.45     7.55e+00
1171   1.618339  6.81e-16      -0.10       4.90       3.60     1.73e+01
1172   0.628970  3.40e-17      -0.08       5.35       3.17     1.25e+01
1173   0.281842  3.65e-15       0.04       3.32       5.46     2.43e+01
1174   2.129665  1.75e-14      -0.05       1.04       7.41     7.07e-01
1175   0.194631  7.20e-15       0.05       3.73       5.17     4.75e+01
1176   1.181023  2.12e-13       0.02       1.07       7.58     1.99e+00
1177   1.272260  7.67e-15      -0.36       1.96       5.85     8.82e+00
1178   1.603984  5.89e-16      -0.99       6.21       0.43     8.06e+01
1179   2.215802  6.48e-15      -0.20       5.15       3.49     2.95e+01
1180   0.509886  1.56e-16      -0.10       3.61       5.03     9.79e+00
1181   0.210648  5.36e-15      -0.18       2.39       6.00     7.95e+00
1182   0.618183  5.60e-15       0.00       3.08       5.83     1.13e+01
1183   1.074078  2.46e-15      -0.39       2.58       5.53            *
1184   0.318062  3.75e-16      -0.42       3.87       4.46     3.46e+00
1185   1.324922  2.19e-16      -0.15       6.14       3.34     3.09e+01
1186   0.290305  6.35e-17      -0.46       5.09       3.45     8.27e+00
1187   0.760032  3.66e-15      -0.33       6.26       3.09     1.23e+01
1188   0.226518  1.16e-15      -0.02       0.23       8.29     3.46e+00
1189   0.571420  2.84e-16      -1.76       0.15       4.46            *
1190   0.928324  3.18e-16      -0.44       6.14       3.23     2.76e+01
1191   2.872774  5.61e-15      -0.73      11.01      -0.23     2.57e+01
1192   1.121562  5.68e-15      -0.45       2.53       5.92            *
1193   0.559084  1.24e-15      -0.67       6.61       3.11     1.24e+01
1194   0.402858  9.56e-16      -1.76       1.06       4.23     6.74e+01
1195   0.446226  4.66e-16      -0.58       2.69       5.76            *
1196   0.972429  1.66e-15      -0.48       0.72       7.11     1.88e+00
1197   0.841158  9.86e-16      -1.76       1.90       3.88     5.62e+00
1198   1.045632  5.35e-16      -0.75       2.15       5.80     9.97e+00
1199   0.491865  1.99e-15      -1.76       2.44       3.73            *
1200   0.959448  1.49e-15      -1.76       0.76       4.64     1.49e+01
1201   1.480744  4.78e-16      -0.81       4.25       4.64            *
1202   0.303911  2.20e-16      -0.77       3.17       5.68            *
1203   0.580871  4.60e-17      -0.70       1.06       6.94     1.13e+01
1204   0.325724  1.37e-16      -0.76       2.54       6.31            *
1205   5.013398  1.01e-14      -1.08       1.91       6.65            *
1206   1.546938  1.47e-15      -1.76       2.31       6.00     2.49e+01
