  108.169991 -42.9799957 = l, b
    d       x       y       z       ne      dsm    arm  cl void
   .005    .003   8.501   -.003    .0050   .250E-06 5    0  0
   .015    .010   8.503   -.010    .0050   .250E-06 5    0  0
   .025    .017   8.506   -.017    .0050   .250E-06 5    0  0
   .035    .024   8.508   -.024    .0050   .250E-06 5    0  0
   .045    .031   8.510   -.031    .0050   .250E-06 5    0  0
   .055    .038   8.513   -.037    .0050   .250E-06 5    0  0
   .065    .045   8.515   -.044    .0050   .250E-06 5    0  0
   .075    .052   8.517   -.051    .0160   .256E-05 5    0  0
   .085    .059   8.519   -.058    .0160   .256E-05 5    0  0
   .095    .066   8.522   -.065    .0160   .256E-05 5    0  0
   .105    .073   8.524   -.072    .0160   .256E-05 5    0  0
   .115    .080   8.526   -.078    .0160   .256E-05 5    0  0
   .125    .087   8.529   -.085    .0120   .144E-04 5    0  0
   .135    .094   8.531   -.092    .0120   .144E-04 5    0  0
   .145    .101   8.533   -.099    .0120   .144E-04 5    0  0
   .155    .108   8.535   -.106    .0120   .144E-04 5    0  0
   .165    .115   8.538   -.112    .0120   .144E-04 5    0  0
   .175    .122   8.540   -.119    .0120   .144E-04 5    0  0
   .185    .129   8.542   -.126    .0120   .144E-04 5    0  0
   .195    .136   8.544   -.133    .0120   .144E-04 5    0  0
   .205    .142   8.547   -.140    .0120   .144E-04 5    0  0
   .215    .149   8.549   -.147    .0120   .144E-04 5    0  0
   .225    .156   8.551   -.153    .0120   .144E-04 5    0  0
   .235    .163   8.554   -.160    .0120   .144E-04 5    0  0
   .245    .170   8.556   -.167    .0120   .144E-04 5    0  0
   .255    .177   8.558   -.174    .0120   .144E-04 5    0  0
   .265    .184   8.560   -.181    .0120   .144E-04 5    0  0
   .275    .191   8.563   -.187    .0120   .144E-04 5    0  0
   .285    .198   8.565   -.194    .0120   .144E-04 5    0  0
   .295    .205   8.567   -.201    .0120   .144E-04 5    0  0
   .305    .212   8.570   -.208    .0120   .144E-04 5    0  0
   .315    .219   8.572   -.215    .0120   .144E-04 5    0  0
   .325    .226   8.574   -.222    .0120   .144E-04 5    0  0
   .335    .233   8.576   -.228    .0120   .144E-04 5    0  0
   .345    .240   8.579   -.235    .0120   .144E-04 5    0  0
   .355    .247   8.581   -.242    .0120   .144E-04 5    0  0
   .365    .254   8.583   -.249    .0120   .144E-04 5    0  0
   .375    .261   8.586   -.256    .0120   .144E-04 5    0  0
   .385    .268   8.588   -.262    .0120   .144E-04 5    0  0
   .395    .275   8.590   -.269    .0120   .144E-04 5    0  0
   .405    .282   8.592   -.276    .0120   .144E-04 5    0  0
   .415    .288   8.595   -.283    .0120   .144E-04 5    0  0
   .425    .295   8.597   -.290    .0120   .144E-04 5    0  0
   .435    .302   8.599   -.297    .0120   .144E-04 5    0  0
   .445    .309   8.602   -.303    .0120   .144E-04 5    0  0
   .455    .316   8.604   -.310    .0320   .178E-03 5    0  0
   .465    .323   8.606   -.317    .0318   .176E-03 5    0  0
   .475    .330   8.608   -.324    .0315   .173E-03 5    0  0
   .485    .337   8.611   -.331    .0313   .171E-03 5    0  0
   .495    .344   8.613   -.337    .0311   .168E-03 5    0  0
   .505    .351   8.615   -.344    .0309   .166E-03 5    0  0
   .515    .358   8.617   -.351    .0307   .164E-03 5    0  0
   .525    .365   8.620   -.358    .0305   .162E-03 5    0  0
   .535    .372   8.622   -.365    .0303   .160E-03 5    0  0
   .545    .379   8.624   -.372    .0301   .157E-03 5    0  0
   .555    .386   8.627   -.378    .0299   .155E-03 5    0  0
   .565    .393   8.629   -.385    .0297   .153E-03 5    0  0
   .575    .400   8.631   -.392    .0295   .151E-03 5    0  0
   .585    .407   8.633   -.399    .0293   .149E-03 5    0  0
   .595    .414   8.636   -.406    .0291   .147E-03 5    0  0
   .605    .421   8.638   -.412    .0289   .145E-03 5    0  0
   .615    .427   8.640   -.419    .0287   .143E-03 5    0  0
   .625    .434   8.643   -.426    .0285   .141E-03 5    0  0
   .635    .441   8.645   -.433    .0283   .140E-03 5    0  0
   .645    .448   8.647   -.440    .0281   .138E-03 5    0  0
   .655    .455   8.649   -.447    .0279   .136E-03 5    0  0
   .665    .462   8.652   -.453    .0277   .134E-03 5    0  0
   .675    .469   8.654   -.460    .0275   .132E-03 5    0  0
   .685    .476   8.656   -.467    .0273   .130E-03 5    0  0
   .695    .483   8.659   -.474    .0271   .129E-03 5    0  0
